3 18
82 91
61 35
36 96
46 31
25 88
69 77
28 40
57 74
83 69
11 81
11 14
69 55
3 27
47 41
23 28
71 95
98 78
2 90
94 6
41 96
64 80
49 38
75 45
99 62
32 72
26 90
54 57
74 1
11 23
45 5
92 85
40 97
66 39
1 79
13 22
74 68
19 59
41 23
36 63
61 7
53 57
63 5
2 19
98 22
69 0
76 25
48 90
30 36
81 69
30 10
64 28
83 92
5 82
56 48
36 17
81 38
5 35
98 43
15 88
77 58
4 12
10 73
17 19
65 23
0 30
8 72
99 85
34 38
63 69
59 77
37 72
97 13
72 39
98 66
31 60
79 85
72 35
40 5
73 93
37 72
5 63
44 71
79 57
68 47
31 91
2 22
53 32
58 62
38 64
48 56
36 1
47 39
57 74
74 25
63 36
41 22
78 42
71 61
43 83
93 92
8 81
89 15
4 76
8 43
12 91
88 7
25 58
27 28
8 21
80 53
84 48
11 17
91 63
30 12
11 76
21 44
86 58
44 1
56 56
98 82
33 59
74 65
38 13
61 20
96 27
5 62
6 0
81 66
46 41
96 10
44 91
35 70
54 71
10 70
55 2
50 2
33 70
18 88
28 91
70 51
25 65
55 98
47 72
55 39
41 21
20 21
17 57
21 76
95 20
84 67
56 43
86 58
73 73
83 54
90 55
5 57
92 34
20 31
71 21
11 77
0 71
77 99
82 41
65 61
21 0
18 17
96 58
99 72
7 50
22 86
1 45
92 7
56 23
9 43
49 7
92 84
9 46
60 7
4 52
60 25
37 27
80 94
86 61
53 67
22 37
40 91
79 43
21 63
1 43
86 68
33 33
45 65
18 94
85 93
89 42
34 68
10 79
62 88
82 72
48 27
27 25
58 27
22 98
89 95
12 67
66 16
19 7
91 86
66 88
52 89
28 66
82 53
36 17
3 2
88 24
51 72
64 35
55 97
74 9
96 29
96 55
87 21
84 47
14 85
94 92
13 7
82 88
41 47
40 68
69 59
17 53
36 50
68 39
26 89
53 74
78 31
57 22
71 58
79 11
6 92
33 89
75 75
29 50
16 43
5 42
42 61
28 70
45 81
0 68
22 71
25 69
7 63
64 80
59 23
0 63
94 77
75 24
99 5
24 62
77 70
11 43
23 27
90 59
23 13
18 78
12 31
70 11
22 51
8 95
15 59
91 8
44 3
44 32
97 21
99 76
37 88
66 68
0 25
86 82
18 58
77 50
20 34
38 24
5 58
45 20
86 24
73 26
18 33
89 6
69 67
31 21
39 57
7 1
84 71
72 68
49 33
22 56
54 30
67 3
70 40
59 6
74 61
10 36
89 97
21 26
67 31
43 96
5 2
65 17
0 97
88 28
38 48
63 19
77 52
64 21
65 56
95 55
1 59
12 66
61 26
80 99
62 58
68 78
49 13
33 16
1 51
51 8
75 81
35 28
71 81
22 89
16 96
92 63
8 56
1 85
45 44
35 21
16 98
84 15
64 16
30 24
49 65
84 60
21 42
38 23
38 11
72 60
46 83
19 83
23 41
8 33
55 79
13 49
71 24
49 62
74 29
72 18
68 83
63 17
40 9
65 71
99 23
62 94
46 5
70 23
94 50
14 26
37 55
38 59
60 57
31 84
75 42
67 41
0 34
69 47
0 88
71 28
98 46
48 58
17 83
39 18
52 3
5 54
44 32
63 86
66 0
8 84
66 73
24 51
4 60
65 25
4 53
4 75
59 23
99 92
23 35
10 92
55 37
84 48
64 99
35 23
31 0
38 75
49 76
6 36
59 55
23 4
25 11
77 52
33 9
94 45
68 46
29 27
41 98
28 78
57 10
94 90
41 95
24 40
62 2
41 73
66 61
27 7
39 33
93 18
53 18
94 73
59 0
6 61
3 56
95 57
50 54
45 22
78 0
47 40
78 67
54 30
13 68
74 67
62 57
88 62
39 69
97 71
74 82
45 90
21 57
52 36
9 20
51 87
36 11
30 7
44 55
60 30
71 14
72 24
42 86
22 23
67 38
89 12
23 38
40 67
62 67
79 7
32 22
72 74
99 43
13 16
74 10
39 90
2 25
71 89
63 88
20 6
29 77
94 4
23 50
89 71
12 97
1 72
92 50
96 95
73 26
8 48
50 84
32 49
16 68
69 82
16 63
33 66
4 58
14 66
26 64
44 36
77 42
21 5
96 18
4 85
12 71
76 58
30 85
38 36
14 30
41 0
26 79
42 20
62 1
67 90
87 26
87 87
82 16
19 86
22 76
7 5
62 39
56 7
0 61
89 6
48 81
7 11
21 69
18 40
53 74
12 9
0 79
96 6
39 42
56 72
48 39
10 74
49 40
29 66
88 88
9 36
22 4
32 90
1 95
33 21
18 93
54 63
91 34
10 1
79 32
98 90
92 54
80 33
90 31
89 12
92 10
19 30
96 67
91 86
34 54
83 52
81 26
44 99
93 1
62 67
56 74
32 14
8 67
77 82
88 20
43 96
11 68
30 11
13 18
41 22
23 10
61 8
89 90
42 6
74 87
46 61
40 44
47 17
16 57
93 8
1 32
72 76
48 68
55 64
6 89
76 99
77 56
86 26
8 11
89 11
70 64
89 27
24 62
49 85
78 36
9 59
99 37
74 17
8 52
29 28
59 92
10 85
40 54
74 97
56 6
0 83
24 40
4 0
16 69
89 78
57 44
8 40
83 56
20 25
35 22
16 36
76 92
99 27
60 94
70 6
38 4
71 33
45 19
73 40
16 15
28 60
16 25
26 79
97 62
30 16
41 20
12 7
49 63
41 77
53 70
41 25
46 47
78 78
81 37
35 65
7 5
36 37
92 87
36 95
45 69
64 41
5 12
70 22
53 2
14 97
6 72
23 17
23 65
38 10
16 98
62 80
27 23
0 92
89 2
33 97
46 83
67 29
16 36
41 16
53 86
9 84
44 55
9 38
3 65
14 24
70 71
15 20
98 70
13 43
50 11
41 85
10 19
23 16
95 59
1 51
33 69
27 17
60 7
22 34
68 70
82 29
99 54
21 38
65 28
49 87
21 48
81 82
95 9
26 77
31 81
59 8
29 29
47 42
15 84
78 38
55 58
27 36
94 16
64 49
56 31
27 91
80 86
99 4
18 0
22 28
55 2
46 97
97 20
93 47
76 37
90 81
24 48
48 66
88 54
29 87
22 90
43 99
80 62
42 88
11 26
30 62
30 18
58 18
80 48
66 65
14 52
96 77
15 80
53 46
45 66
23 80
65 68
38 29
9 74
75 66
61 30
15 75
55 93
88 58
8 0
80 32
0 81
35 34
27 74
63 45
1 82
18 81
75 47
31 71
23 92
68 89
42 8
20 38
3 91
51 66
63 80
30 91
75 6
32 85
10 66
77 71
28 96
47 98
61 18
54 21
82 79
12 34
12 4
65 32
46 40
95 10
14 71
81 94
87 8
81 86
66 8
71 39
1 38
68 62
51 25
48 20
85 2
64 36
20 79
50 76
96 32
60 53
49 11
83 35
16 3
1 48
52 68
2 41
33 99
8 98
92 60
68 47
29 59
6 88
30 39
20 63
33 95
19 79
75 47
63 79
14 71
4 43
75 63
69 75
4 39
44 53
90 99
78 88
54 77
16 70
93 9
62 61
36 54
99 65
57 79
57 1
68 25
67 33
1 55
48 42
98 50
94 64
63 30
54 4
96 20
2 89
19 29
44 45
63 99
29 11
76 87
50 47
3 7
93 99
8 93
64 57
39 87
93 27
52 93
53 29
35 48
30 9
30 88
79 31
68 88
60 72
30 4
33 5
15 63
15 88
70 10
83 38
82 8
45 93
21 76
6 39
46 53
62 84
71 24
22 41
76 39
8 97
43 40
78 72
32 35
91 30
37 48
51 77
89 33
11 38
82 15
26 50
14 95
90 59
42 91
41 4
82 78
17 25
21 24
70 84
58 97
11 49
17 69
60 11
90 16
50 31
2 99
0 16
23 98
32 69
95 55
17 27
20 87
60 17
59 32
36 16
92 23
22 58
76 51
77 44
18 10
47 96
71 58
96 36
29 18
34 7
66 70
5 19
24 88
0 93
36 93
16 53
12 87
69 65
93 52
82 27
76 99
48 80
59 14
58 48
24 11
40 24
46 3
9 67
99 32
33 64
85 77
95 54
24 60
59 61
67 79
67 81
6 35
31 56
27 29
79 97
36 66
16 58
80 34
78 29
21 67
16 63
62 46
36 48
77 78
92 3
87 92
1 69
82 67
96 20
23 21
26 34
28 1
96 9
32 30
66 5
34 9
0 49
70 70
11 78
86 13
29 30
61 27
99 96
86 9
9 59
78 52
11 19
69 38
39 66
18 37
48 68
50 42
61 2
71 39
72 21
5 65
93 79
80 8
53 37
32 11
64 81
14 4
27 86
63 91
98 73
9 86
69 2
56 10
8 64
43 24
52 65
20 2
36 74
26 71
0 45
4 51
80 91
33 36
41 9
18 14
24 1
63 53
91 26
5 93
76 97
19 77
58 5
60 24
38 62
65 36
91 11
28 75
42 13
64 28
69 68
77 21
57 11
54 34
17 5
53 3
93 89
51 66
43 42
85 31
8 15
18 71
82 37
94 94
93 30
51 71
4 20
54 62
5 86
79 38
95 39
28 84
87 49
11 10
37 19
27 51
13 66
89 92
50 92
64 83
69 47
25 43
81 60
31 48
1 3
22 23
22 6
94 12
75 49
91 75
86 85
22 85
18 99
38 35
74 94
68 20
75 95
40 67
16 26
61 95
40 26
83 30
69 25
14 96
72 80
2 44
42 63
73 91
13 93
45 48
82 63
43 80
1 63
66 84
69 27
36 79
10 10
53 15
53 86
62 42
87 22
9 82
3 18
21 66
56 17
73 28
82 94
24 67
73 95
28 80
45 49
47 12
96 72
5 19
0 90
8 24
91 21
64 35
15 90
46 71
59 94
43 53
91 88
21 21
43 94
70 64
59 16
24 38
45 47
72 60
88 40
29 80
48 70
71 64
34 54
60 96
64 9
27 89
4 25
44 82
22 52
24 52
40 28
65 97
61 63
32 44
64 17
68 16
86 28
86 49
22 98
47 67
45 2
81 10
30 52
74 86
18 54
5 84
27 55
39 97
17 74
85 21
61 44
43 98
26 37
20 83
29 84
94 43
2 68
85 46
52 61
59 1
67 40
87 9
4 16
18 46
40 22
57 61
50 46
72 32
51 1
38 76
43 9
27 43
25 32
2 4
66 86
55 32
98 41
56 61
31 29
78 48
22 39
18 47
19 94
76 85
5 81
56 85
98 52
68 25
40 37
18 43
16 28
17 9
38 14
25 58
85 55
94 8
52 18
65 42
65 29
79 57
29 61
10 19
72 23
50 8
62 20
35 69
87 38
39 33
71 38
22 62
81 97
52 64
41 38
10 32
63 3
45 12
54 48
24 1
92 82
4 80
72 40
77 73
10 65
83 5
82 82
98 55
83 31
98 49
33 73
89 12
33 71
70 50
12 75
73 66
91 90
68 25
9 14
90 59
93 8
14 51
46 42
23 68
68 75
57 68
65 16
86 94
71 97
53 99
92 97
55 72
84 19
12 95
73 17
69 47
93 65
4 73
31 33
51 44
19 19
16 20
3 89
76 74
58 55
67 91
44 63
84 54
95 12
14 38
60 82
29 73
73 12
88 61
73 0
91 13
0 59
5 36
41 36
52 96
45 90
84 86
19 8
29 64
60 21
84 70
31 97
75 57
45 66
44 13
33 74
7 50
56 4
86 82
35 25
26 52
33 21
16 12
54 93
46 70
96 40
70 40
69 41
63 31
62 83
82 88
30 12
78 47
6 65
61 89
0 79
66 19
64 42
43 61
19 6
42 88
26 66
26 94
91 19
69 48
90 94
51 46
17 61
42 12
46 28
64 52
80 14
56 51
96 21
12 26
81 86
14 50
58 42
70 77
68 58
88 2
44 4
3 43
37 58
53 69
56 54
35 1
83 71
35 25
29 99
44 29
97 2
43 72
5 14
64 34
40 43
2 78
9 56
58 35
30 66
84 90
57 45
84 63
42 14
29 62
6 92
64 96
53 9
95 82
94 2
66 43
71 49
81 37
23 71
7 14
32 70
31 64
80 41
57 98
88 94
16 32
19 55
93 45
68 24
58 28
65 71
40 78
22 77
78 25
29 77
11 0
4 14
42 25
38 93
36 30
9 60
61 57
68 53
98 66
15 82
42 70
67 89
88 81
80 82
37 4
52 5
35 81
5 97
48 62
86 90
39 52
26 11
84 35
65 89
42 45
68 48
6 21
63 67
81 94
61 46
50 16
58 95
9 41
20 12
7 7
24 64
23 18
18 8
52 56
71 76
92 36
26 74
29 35
57 54
22 56
9 6
0 55
65 32
73 0
95 70
89 81
32 82
43 85
25 66
26 51
86 97
89 54
49 3
12 26
2 9
24 3
97 92
20 28
61 4
33 42
40 80
23 46
31 92
65 41
88 94
51 35
24 45
73 51
94 35
43 48
93 65
99 74
25 56
98 59
17 74
63 84
59 69
21 20
92 80
83 39
65 56
21 74
11 88
24 75
44 63
25 75
38 25
31 39
55 41
42 87
13 11
12 4
14 26
82 66
27 3
34 65
55 75
88 15
50 33
86 42
79 3
56 61
21 38
3 1
77 80
12 34
41 26
28 88
99 27
60 95
61 96
54 5
75 27
90 54
22 93
46 96
40 26
10 44
7 24
41 24
10 1
19 3
74 72
63 78
37 75
93 73
29 0
51 73
75 86
81 3
21 91
89 53
93 97
56 79
71 10
35 44
99 15
33 14
58 73
41 56
41 59
42 75
79 30
69 55
66 9
7 54
18 56
75 89
37 36
46 98
66 33
14 94
18 62
72 4
24 96
17 65
58 30
51 61
4 40
19 98
85 83
62 19
62 23
28 16
61 86
84 89
90 32
77 68
6 7
41 87
5 46
56 80
56 29
51 7
7 26
54 81
98 14
63 91
47 37
12 42
87 83
62 48
86 92
58 99
56 2
68 64
55 6
23 47
71 83
28 69
36 93
94 18
35 2
45 40
12 49
94 44
94 20
59 27
7 4
95 48
30 58
64 51
33 29
15 37
32 17
88 91
51 85
59 88
20 72
66 91
73 16
43 28
59 13
72 22
87 97
98 77
47 12
95 13
80 10
75 26
62 74
20 25
57 17
45 35
68 68
64 85
27 6
99 0
84 37
53 81
1 11
9 79
55 20
79 28
11 18
74 18
78 23
36 43
37 50
11 35
91 61
4 72
13 22
38 66
36 21
74 0
73 57
9 47
31 33
89 26
58 64
23 53
59 92
68 33
20 83
58 96
65 48
34 26
15 13
72 64
8 88
23 24
36 55
81 40
46 91
49 17
25 65
71 67
45 96
99 64
77 21
22 94
91 12
54 65
98 66
81 96
54 83
79 11
1 31
15 13
0 91
70 63
1 13
66 28
40 44
99 54
92 12
75 2
31 30
19 55
33 74
52 32
25 10
39 38
24 86
65 24
54 89
18 38
45 3
96 41
9 99
26 37
25 11
57 90
48 69
71 83
8 9
74 39
65 60
87 66
73 95
92 60
63 28
7 68
70 44
84 36
7 18
89 95
21 10
79 31
23 86
4 44
87 78
3 17
79 54
91 65
29 39
92 77
11 13
46 60
90 79
56 82
90 80
84 62
27 83
91 62
6 97
63 88
11 29
35 66
70 63
43 61
79 9
97 91
42 35
55 2
7 65
74 12
71 22
62 48
75 67
11 85
40 5
52 14
0 23
1 18
30 87
50 57
96 67
78 58
33 47
46 66
29 93
39 52
61 72
25 19
74 17
24 34
30 74
54 66
20 56
35 33
19 52
10 8
91 49
73 26
47 88
14 40
10 0
19 36
64 13
63 86
7 54
22 11
39 90
79 72
13 67
39 11
54 0
5 84
56 1
92 79
85 91
13 92
48 62
53 59
44 21
17 45
6 45
32 14
63 62
85 44
34 1
90 12
83 3
36 36
27 8
12 33
70 12
41 42
87 58
83 80
98 30
83 35
48 60
84 41
22 29
53 42
15 77
96 28
44 58
59 0
21 29
49 36
86 30
23 90
81 48
87 93
13 61
76 86
52 79
12 90
33 77
47 38
1 24
37 56
11 81
17 92
29 29
86 32
81 82
2 20
0 30
46 25
74 29
66 69
50 23
85 24
43 58
86 61
47 42
96 50
11 47
4 76
88 83
81 38
32 63
40 29
51 5
12 0
24 72
71 44
19 52
43 39
89 45
44 13
53 6
26 3
5 24
34 68
48 5
24 28
74 90
51 99
59 88
40 6
3 50
36 48
45 33
61 27
5 34
79 51
32 64
51 72
47 70
8 32
3 83
8 48
7 6
41 59
91 97
20 35
79 52
53 3
31 75
21 48
21 80
36 48
39 73
63 11
51 30
82 80
25 78
97 4
24 44
60 90
59 24
46 75
49 18
38 10
86 93
1 62
29 60
15 54
42 97
22 74
29 79
63 73
28 62
26 42
12 28
52 51
87 38
83 78
4 15
90 25
32 12
90 93
11 77
64 7
22 71
63 16
84 43
77 21
78 10
33 33
87 37
79 53
44 79
63 96
28 36
31 17
4 96
76 29
17 24
91 58
70 76
20 20
16 42
38 18
78 39
56 48
94 11
88 54
9 30
58 17
2 28
99 32
14 80
83 63
54 16
51 6
86 96
63 72
53 21
47 38
13 8
72 97
72 44
46 97
74 43
72 58
69 64
55 72
19 76
38 45
91 62
89 69
87 90
69 55
52 48
24 39
14 14
61 47
21 89
42 5
76 20
16 65
97 71
47 19
86 6
42 64
95 94
37 10
96 58
14 85
96 78
40 59
53 32
39 34
70 89
48 84
62 59
35 23
87 38
38 71
95 91
60 73
22 99
11 9
17 141
81 178
97 128
57 188
82 7
25 62
41 146
91 121
25 40
13 13
62 109
86 139
39 70
97 122
61 90
47 30
98 187
20 78
95 5
53 29
34 159
77 131
21 48
53 156
67 116
70 145
78 151
25 86
85 80
28 197
94 170
36 17
0 183
17 133
27 70
93 69
48 183
17 141
55 180
32 73
6 42
58 69
52 56
16 22
49 72
96 177
0 132
87 66
26 26
97 119
21 146
65 78
45 16
42 156
17 14
81 40
1 187
72 192
91 41
71 42
56 132
80 13
80 95
64 17
61 51
20 84
35 10
5 39
56 129
84 176
10 77
8 10
57 23
5 194
71 178
21 154
9 156
65 51
4 100
15 198
95 3
81 101
23 198
41 184
57 43
10 130
98 25
37 181
57 165
89 146
88 99
20 182
56 49
3 138
99 146
44 82
2 34
50 144
64 133
48 65
36 13
26 80
74 4
48 34
29 134
60 194
75 122
38 166
26 155
18 186
21 90
38 91
2 167
93 190
71 168
59 10
58 136
74 188
57 11
72 169
14 57
22 9
19 130
32 162
21 57
2 171
55 180
75 98
85 67
51 112
42 142
58 35
34 84
95 180
64 9
62 99
26 71
14 31
5 89
82 74
60 148
18 37
12 183
81 192
61 109
0 12
47 152
85 101
84 136
73 50
1 12
90 150
32 120
82 164
79 192
84 191
68 27
64 160
0 164
5 107
82 37
84 164
78 21
60 54
45 44
24 188
10 60
80 4
1 187
40 112
15 190
21 79
19 199
10 180
56 74
82 165
74 141
86 71
90 94
30 119
60 137
67 52
54 18
44 52
87 128
69 180
17 123
67 59
64 80
93 137
7 122
34 165
15 115
92 100
31 107
24 41
85 79
27 97
62 174
45 69
21 144
24 198
80 25
8 164
63 157
88 103
13 107
67 58
21 127
56 53
81 187
26 10
88 182
64 146
57 39
37 81
43 107
63 71
96 182
89 176
25 22
9 183
95 22
10 110
58 186
3 65
45 118
72 100
82 156
6 185
55 118
54 95
6 128
76 63
85 74
42 129
1 149
34 47
64 115
43 136
0 76
93 32
58 141
86 69
91 196
89 69
1 2
89 167
9 128
29 175
95 6
46 134
20 175
84 33
32 89
66 32
34 188
25 154
80 24
75 87
49 60
13 14
70 76
49 169
60 3
52 101
3 137
7 54
56 23
43 171
3 41
67 46
25 18
1 95
35 86
73 41
38 188
17 140
62 180
68 53
80 152
81 107
81 20
79 171
31 146
71 31
42 90
17 138
83 40
55 183
44 176
58 2
49 158
10 95
73 113
60 123
0 183
90 88
27 95
71 76
72 11
27 179
8 149
45 52
63 131
96 114
18 198
67 156
18 87
72 64
28 131
62 131
32 49
17 35
67 129
47 81
92 88
9 113
26 49
63 180
30 46
0 80
66 111
56 70
94 1
83 157
46 147
30 77
97 38
12 46
92 179
86 10
42 57
15 64
10 151
3 34
62 143
14 10
91 35
32 160
36 68
62 23
76 33
8 145
62 13
21 144
51 124
26 71
54 7
50 160
39 102
85 103
46 158
56 94
89 147
93 58
49 160
99 174
24 180
56 167
3 15
93 121
55 37
53 88
73 162
86 97
86 143
80 25
18 132
76 189
52 111
49 180
47 124
48 123
96 141
57 24
44 51
19 1
44 46
8 165
86 25
67 2
17 138
82 57
23 81
99 152
37 86
5 23
92 48
6 44
56 59
80 10
86 178
89 72
54 134
55 126
25 5
4 69
31 6
1 104
84 28
49 37
91 153
81 97
56 29
69 83
30 199
81 175
8 187
29 22
14 181
38 139
34 149
46 90
48 60
70 52
33 102
90 134
23 16
16 131
53 3
5 111
72 153
0 109
35 79
4 139
47 53
60 125
38 82
45 55
89 35
73 71
87 174
85 162
71 169
40 69
81 145
17 71
2 0
65 126
66 62
82 175
5 171
7 18
36 100
57 189
1 156
81 144
1 189
72 72
37 135
31 40
79 8
46 101
58 45
91 49
49 183
31 82
37 122
53 68
40 74
74 44
24 142
19 70
11 98
21 50
81 56
90 114
64 15
69 8
18 183
11 53
8 99
90 45
50 7
91 9
7 148
23 13
30 98
64 35
65 30
73 79
25 133
37 85
99 199
63 160
13 135
49 196
48 105
73 46
48 125
69 155
72 12
70 78
48 24
14 102
88 49
239 207
287 389
179 223
124 31
247 29
172 308
209 317
116 306
222 398
196 194
150 136
48 119
281 160
5 7
17 319
83 394
201 82
179 209
274 386
260 392
72 182
118 239
219 72
236 245
154 86
153 358
56 234
193 8
261 12
222 160
147 214
199 250
77 120
7 264
136 45
133 170
93 222
203 383
259 229
281 107
89 21
139 154
293 376
9 116
150 248
14 386
258 99
295 336
253 297
41 83
30 184
190 124
171 346
239 125
128 76
298 252
246 146
39 6
18 106
112 294
59 286
125 246
60 302
243 149
87 61
244 89
8 139
180 391
234 387
103 1
247 181
215 111
55 343
128 129
111 183
192 196
101 341
259 323
151 31
191 192
4 220
73 259
210 61
269 178
114 177
294 210
156 360
237 125
142 187
78 164
271 153
287 150
129 293
185 194
144 14
100 74
235 319
15 361
128 184
200 70
11 12
13 137
179 350
79 141
4 85
225 374
16 103
12 261
225 21
62 90
10 355
177 314
114 364
50 354
37 291
61 122
164 221
283 93
263 29
5 280
77 15
262 48
216 9
160 73
213 271
115 69
71 215
170 169
143 364
154 54
70 279
217 167
214 266
24 215
106 62
51 37
33 48
12 330
32 392
270 169
55 186
58 8
269 128
144 207
295 392
232 303
147 394
79 341
5 141
252 126
294 330
270 349
143 224
128 123
172 90
158 110
78 110
41 381
133 152
2 131
78 86
115 99
236 133
235 91
185 236
276 43
264 295
157 391
120 215
152 251
136 24
284 159
213 19
4 348
111 21
264 190
240 384
96 394
297 272
186 369
106 145
203 373
276 335
221 348
113 189
130 35
139 362
89 325
65 354
45 60
71 257
159 103
260 157
297 269
105 308
75 368
251 290
29 182
173 376
44 244
35 219
62 347
187 25
188 120
138 385
98 262
132 258
62 199
191 4
268 227
125 215
226 224
14 329
250 355
189 60
225 310
241 71
10 218
2 43
178 399
239 121
255 354
40 242
25 213
222 95
221 261
173 50
108 377
285 349
255 6
138 114
37 187
222 346
268 105
161 202
297 322
82 98
166 359
185 344
77 122
211 197
158 123
85 158
131 241
197 70
96 103
293 210
234 218
69 77
224 288
128 364
299 395
113 389
13 157
216 108
29 142
18 142
285 252
153 258
222 275
245 348
147 173
210 35
247 92
79 262
188 134
150 379
48 223
17 392
107 221
33 134
133 296
9 194
94 49
252 21
114 5
203 231
86 33
201 399
152 136
152 399
74 371
101 142
282 25
282 213
185 15
155 334
221 49
150 185
243 369
144 305
189 271
141 239
212 59
93 285
70 151
256 318
118 320
199 332
55 126
32 114
278 90
224 268
170 240
179 75
150 325
111 45
38 282
268 188
290 114
172 165
232 81
31 381
86 21
221 143
99 89
259 233
114 391
266 216
199 14
102 160
262 388
90 225
130 126
96 294
174 254
72 224
82 173
16 82
4 73
31 286
220 288
194 65
181 253
58 202
177 258
63 368
220 87
269 213
47 226
241 69
155 328
186 260
240 51
192 247
163 133
208 385
108 299
38 273
296 165
104 170
246 197
44 260
95 6
23 193
115 15
255 130
242 104
285 58
143 380
7 371
212 80
290 48
94 179
127 323
202 247
152 176
228 335
92 290
215 120
182 397
74 269
289 387
281 309
203 250
267 64
245 142
229 355
63 131
187 320
33 142
75 234
77 261
259 279
294 51
140 230
24 273
34 67
4 17
139 296
118 285
66 215
94 352
89 149
168 242
110 57
200 58
280 358
36 79
13 309
139 0
259 359
118 117
261 297
260 101
184 41
68 57
78 183
77 289
257 320
201 101
27 231
239 95
180 308
109 136
152 18
287 159
287 356
220 209
259 88
89 277
141 143
107 280
78 299
24 9
163 105
10 245
118 193
267 181
267 60
260 150
208 134
265 314
265 324
269 77
242 344
91 155
97 290
243 80
227 361
197 32
34 74
226 392
104 64
237 372
158 117
241 291
259 328
175 120
199 160
227 66
240 208
101 110
136 299
206 235
223 9
29 110
218 251
139 279
252 76
166 292
268 40
124 277
131 145
183 160
191 384
140 166
161 329
161 245
203 274
275 271
16 261
192 363
132 83
187 123
43 332
185 398
137 109
164 342
128 105
62 156
133 171
241 355
187 266
281 202
169 142
217 262
62 2
157 240
251 11
231 154
63 376
53 376
202 235
106 301
160 231
184 387
279 57
18 319
248 284
106 116
134 392
53 167
231 299
201 291
175 362
219 158
18 298
101 379
294 378
150 386
21 291
197 205
51 131
42 36
151 390
219 91
194 231
259 122
5 85
205 398
73 25
214 62
52 119
62 128
173 131
244 45
282 326
281 290
93 145
75 24
49 129
74 295
74 228
227 183
176 107
183 7
136 144
206 113
23 42
76 205
291 206
124 38
224 216
151 122
75 171
127 357
205 357
293 128
189 6
104 22
214 115
219 168
252 118
297 241
1 40
283 364
33 370
49 213
273 384
164 349
171 135
67 386
27 233
233 158
188 214
155 191
101 69
207 23
170 308
216 357
234 396
126 52
142 152
260 162
100 359
76 179
140 96
111 247
3 326
26 217
110 60
36 58
133 234
202 318
232 161
39 53
112 364
19 316
23 135
21 261
54 276
147 292
243 396
99 156
162 211
200 170
59 271
51 207
144 250
67 196
181 118
65 137
41 240
44 206
275 264
116 70
97 80
173 265
163 371
55 249
83 73
27 311
231 168
60 38
288 332
131 32
146 10
248 169
168 161
190 1
226 35
245 397
68 355
221 136
84 46
158 374
250 399
74 137
219 62
175 168
24 233
66 268
25 358
258 221
154 71
145 77
100 271
31 163
247 292
61 282
78 5
173 395
100 190
186 345
210 122
295 59
125 216
239 111
173 273
252 349
70 153
168 282
214 20
116 142
235 123
31 376
254 287
252 192
272 350
140 125
252 339
205 25
42 50
160 33
42 324
242 225
32 336
289 256
47 219
230 88
167 290
8 88
239 325
63 61
58 22
213 239
22 162
77 360
171 79
139 138
145 39
192 1
268 147
274 375
139 364
86 135
263 302
3 324
230 207
234 315
23 94
128 309
91 335
103 178
52 118
257 99
89 33
153 182
83 331
124 247
195 207
219 373
52 218
234 19
145 276
172 144
78 127
68 329
291 17
127 237
170 191
198 50
243 315
295 150
296 32
111 312
174 154
151 200
209 395
15 44
270 204
42 261
15 353
256 386
151 32
12 115
56 99
14 192
69 348
108 107
68 105
111 211
4 376
156 202
186 204
39 265
217 384
28 323
67 315
221 136
258 326
80 267
51 314
260 293
161 157
237 235
237 78
67 110
237 127
95 242
79 387
194 49
288 168
266 304
113 294
159 130
64 200
97 268
73 347
34 154
207 85
242 368
25 120
129 50
154 23
148 104
233 328
244 396
253 27
12 326
77 346
102 26
82 81
56 208
88 287
94 5
217 237
42 384
60 175
47 200
67 137
283 84
231 117
185 370
40 98
177 396
227 334
285 39
14 87
132 158
240 126
109 112
105 141
139 181
16 58
242 358
242 365
188 61
42 351
216 235
239 100
223 233
180 362
181 321
135 258
291 206
279 366
279 369
106 348
123 70
147 194
137 262
181 90
266 366
5 368
278 319
104 314
64 375
291 375
135 257
2 27
147 120
207 218
243 306
289 99
167 379
217 15
126 174
211 393
178 172
244 384
175 118
178 11
5 205
265 157
121 125
209 250
5 52
68 328
79 217
77 393
135 283
100 392
107 296
152 273
273 208
123 215
119 392
6 352
166 227
80 67
223 142
75 38
121 171
180 289
161 64
62 55
142 144
250 5
214 123
189 155
180 114
155 156
90 302
55 257
222 289
35 306
227 220
212 295
103 291
145 396
142 270
193 196
258 1
234 239
181 351
65 223
154 250
159 7
203 238
189 133
103 223
195 114
187 208
165 151
247 213
42 354
2 27
248 57
201 310
61 158
16 76
189 116
234 289
39 177
112 257
268 213
55 245
278 170
93 80
237 155
36 250
160 42
33 127
101 365
148 280
218 393
261 26
159 162
43 317
4 50
271 352
13 88
115 251
179 98
107 182
224 286
203 232
298 381
22 322
152 105
227 61
173 89
294 193
173 51
194 7
45 145
209 274
39 7
135 153
234 291
26 88
55 6
40 104
136 194
167 204
32 389
218 126
202 325
1 169
287 60
119 280
130 295
285 46
223 73
122 248
128 21
149 176
117 139
19 163
230 50
294 357
297 248
220 195
162 326
96 378
19 392
170 103
272 203
233 222
135 183
106 142
256 95
150 148
126 102
236 16
185 357
40 69
67 107
123 101
252 356
204 44
251 172
50 27
294 214
287 152
109 88
65 132
90 234
299 382
259 399
138 22
112 162
240 324
55 181
133 362
21 86
16 23
291 51
84 222
200 47
220 22
173 101
0 291
114 125
241 181
291 189
26 159
235 322
136 75
136 143
275 44
287 292
194 36
273 3
85 167
203 159
240 383
49 54
231 178
93 337
288 81
118 361
288 82
59 332
234 0
114 320
265 129
157 263
100 201
31 292
47 62
230 254
91 315
155 306
197 296
66 141
124 154
273 58
132 263
31 297
183 253
254 369
166 147
140 23
271 208
156 239
54 186
281 35
253 34
71 338
192 335
186 218
168 232
43 345
82 358
43 192
231 344
215 298
268 345
30 139
111 271
37 92
144 37
140 86
277 220
67 125
294 334
48 320
174 19
280 350
122 103
100 138
298 155
117 242
73 250
261 220
60 176
121 386
207 358
100 161
152 385
249 28
236 44
96 342
136 147
32 352
147 18
17 127
140 364
144 193
142 176
48 146
162 137
252 282
21 246
264 121
234 9
76 135
70 35
14 53
283 48
172 23
114 239
186 22
112 149
273 369
87 114
184 372
296 4
202 332
212 107
17 73
115 269
177 357
236 90
103 196
79 354
135 28
27 150
48 199
80 253
175 7
139 72
271 394
247 24
272 174
65 302
285 23
95 339
235 62
158 377
270 252
91 194
254 87
114 15
150 172
206 252
187 206
252 10
293 349
167 77
89 379
247 103
106 91
37 228
298 11
247 312
71 244
193 230
119 143
118 387
88 26
258 153
232 220
28 368
208 149
112 138
109 233
84 302
32 334
78 345
110 20
268 191
103 373
91 23
84 333
173 392
103 28
142 30
38 393
292 66
254 9
110 89
185 17
214 204
57 120
259 328
40 128
73 262
145 374
230 270
33 280
197 247
109 376
33 290
285 62
156 376
82 258
188 305
260 234
2 263
155 352
221 251
287 200
298 54
186 129
58 225
172 169
63 313
205 214
38 269
190 387
252 155
153 391
279 395
42 348
128 249
110 111
143 216
243 291
3 245
24 187
290 218
175 40
127 132
228 159
74 40
124 383
195 1
205 17
219 397
68 177
228 280
184 252
8 393
33 346
163 28
37 78
116 336
242 156
68 2
200 171
57 137
292 27
223 67
188 216
212 288
133 63
53 158
87 336
99 53
104 37
275 180
84 34
290 202
63 206
284 330
116 113
107 361
88 14
194 122
134 275
134 204
29 238
249 2
170 98
73 195
69 155
291 259
98 62
273 338
132 133
193 339
84 58
179 48
106 1
249 380
146 154
297 185
9 263
74 108
298 347
254 221
298 84
279 339
190 347
261 367
296 10
164 39
257 285
203 231
266 235
220 307
44 326
248 0
88 49
9 291
10 67
38 394
193 234
163 10
120 177
122 105
236 260
189 317
134 115
105 372
182 85
54 150
224 31
204 119
142 38
254 17
62 81
252 114
117 2
118 210
88 215
23 40
23 204
212 13
255 307
86 273
96 246
157 204
295 220
53 376
207 155
196 397
287 222
34 45
159 279
110 226
175 229
38 388
161 345
128 79
209 198
114 260
215 136
283 351
208 118
187 137
84 90
9 127
123 193
154 115
238 142
217 193
40 68
73 165
210 20
155 219
295 195
128 263
36 128
141 182
95 21
97 4
32 219
19 351
228 307
117 220
134 66
144 201
220 348
77 355
231 181
295 185
189 116
70 145
86 56
127 9
64 368
217 240
240 310
139 262
102 283
135 353
156 41
11 113
162 260
230 39
7 243
205 177
280 382
286 329
289 344
56 256
36 207
9 277
291 322
1 266
188 50
120 40
171 155
229 49
258 373
83 295
55 375
92 12
235 59
89 377
293 40
230 131
43 155
14 74
297 167
225 324
74 207
23 106
111 18
224 305
180 359
226 204
13 72
22 320
230 51
31 312
111 78
135 58
227 76
268 265
162 222
250 140
60 363
29 176
136 259
146 265
177 32
113 143
256 287
241 118
21 269
268 158
282 357
16 109
178 169
82 73
223 383
233 171
27 334
62 272
199 40
60 258
76 315
209 22
277 259
187 135
145 34
55 3
143 195
165 372
195 75
270 194
75 369
254 87
62 175
46 84
15 105
90 162
281 302
10 251
142 189
146 217
145 170
121 271
253 33
130 151
255 345
278 252
74 61
113 42
269 151
13 98
60 94
175 306
177 130
115 4
34 68
59 390
46 380
130 314
172 374
10 399
280 236
59 271
273 58
258 138
225 397
91 68
275 270
209 266
159 142
130 155
37 178
89 132
283 368
114 284
84 106
295 82
104 76
69 276
119 289
229 161
257 394
51 113
91 49
6 371
299 155
161 311
95 252
150 269
136 288
145 302
238 247
291 154
175 304
100 253
20 169
49 242
497 258
430 316
437 312
267 459
381 228
217 43
349 124
176 76
229 289
495 482
341 366
323 377
180 464
211 91
213 139
463 165
29 184
4 163
167 191
144 324
302 358
378 321
199 110
356 309
267 206
439 9
429 130
7 169
55 409
103 379
460 63
103 261
210 136
185 201
99 245
77 436
38 152
28 216
471 289
194 208
429 340
126 432
403 489
306 92
280 399
109 467
424 64
417 244
11 123
84 46
180 455
425 485
103 223
250 228
291 226
386 92
307 102
36 129
486 87
142 60
412 401
367 41
422 254
9 77
413 25
87 378
215 360
401 374
363 359
438 261
442 81
211 303
74 378
457 350
134 93
53 4
122 220
181 383
240 3
102 404
243 165
116 441
7 293
105 491
261 219
146 211
405 233
302 57
177 124
377 137
463 199
164 464
90 408
201 111
53 4
41 121
337 204
492 383
252 37
489 403
481 140
471 147
354 390
448 124
144 9
19 404
482 388
23 35
41 84
201 172
466 444
486 36
379 13
111 113
343 473
357 396
324 97
13 431
92 481
18 153
12 305
380 126
466 133
225 459
45 44
34 113
45 261
57 174
330 69
300 173
62 469
169 469
97 439
303 260
148 226
239 312
431 227
192 379
12 429
292 495
185 493
20 48
252 223
386 77
461 256
161 172
428 184
468 338
189 457
451 430
448 404
26 449
332 328
423 303
251 333
326 315
154 7
483 188
279 51
296 166
124 97
64 51
114 267
187 168
30 316
227 70
147 248
74 129
416 103
9 173
171 157
320 76
390 337
179 77
440 61
465 150
412 60
46 116
190 425
110 105
366 51
444 406
25 86
4 398
237 457
425 295
456 236
350 148
176 376
439 359
250 56
419 147
68 450
451 241
491 123
141 210
253 411
150 196
327 465
20 218
158 398
117 341
487 394
416 84
73 155
29 242
146 365
307 495
40 247
359 360
173 116
72 63
21 248
93 135
456 225
482 67
284 377
495 313
71 285
333 188
219 383
483 34
33 71
396 244
125 107
49 279
161 149
278 193
352 321
328 142
12 499
66 71
333 450
280 280
444 314
39 213
33 104
342 107
208 87
308 200
466 288
75 365
270 25
292 38
433 31
380 43
256 407
103 141
71 350
355 446
235 147
124 321
276 341
77 470
163 276
85 42
447 461
259 353
244 305
462 59
33 453
473 493
411 128
279 100
38 217
146 43
71 472
265 234
222 454
238 389
48 331
320 5
265 468
90 277
256 341
292 397
231 268
371 212
325 99
396 222
121 62
43 172
436 37
26 46
222 212
35 37
213 200
261 203
463 25
132 36
441 204
138 407
151 368
74 252
78 243
379 298
216 74
480 263
315 77
54 107
172 327
221 151
201 354
8 267
93 257
380 362
59 63
244 428
462 212
86 33
411 349
271 496
299 44
319 82
315 120
155 480
49 346
284 297
449 21
49 241
287 196
336 283
335 37
205 214
410 240
342 271
491 120
238 40
427 477
428 491
8 183
215 408
336 30
180 377
88 491
187 457
490 477
38 231
188 343
202 36
22 229
319 318
415 357
26 298
395 481
217 152
127 342
11 353
365 207
405 122
446 37
419 355
421 449
459 166
430 417
107 78
399 131
265 54
474 384
272 122
115 303
24 128
331 464
207 26
13 184
118 363
11 498
290 431
381 63
343 149
70 486
340 240
423 37
360 495
120 244
268 312
275 368
231 242
208 138
14 319
431 105
324 34
468 428
265 326
444 180
401 338
310 302
476 174
321 216
288 453
233 42
122 384
376 7
416 456
78 243
106 304
119 327
423 362
160 211
131 430
36 68
119 226
249 142
445 444
329 39
4 109
390 405
62 107
461 157
432 61
118 452
165 73
353 274
123 175
127 220
327 316
89 402
215 138
176 38
293 366
264 287
433 473
94 254
471 391
387 429
366 145
467 193
104 166
490 349
100 401
70 119
376 41
381 231
146 228
349 81
189 436
253 184
235 355
277 228
50 134
321 112
276 200
194 185
115 35
393 293
497 68
384 95
227 375
470 242
336 254
147 352
153 366
200 57
110 197
264 28
423 482
475 329
256 478
293 404
278 153
275 21
499 232
394 361
108 272
224 67
249 302
414 222
360 352
90 375
422 241
378 110
30 497
373 149
103 135
191 351
96 170
391 358
258 85
118 116
207 166
53 212
316 258
423 320
304 271
218 49
110 129
335 489
431 453
84 280
385 123
237 50
355 223
41 0
162 419
470 389
259 443
451 319
207 409
373 66
131 481
388 96
279 499
12 169
109 112
255 337
370 227
249 48
261 129
105 318
103 287
57 427
158 470
185 440
324 338
356 171
342 292
21 439
342 122
480 180
365 413
43 273
133 97
398 186
375 418
240 324
208 411
184 307
378 62
104 268
112 463
233 67
57 226
275 447
408 370
275 339
119 48
218 287
416 450
356 292
377 376
413 403
343 44
82 93
320 485
367 171
179 299
183 248
248 257
197 55
96 179
58 225
411 388
294 416
265 67
187 485
298 430
404 347
374 39
375 372
163 218
374 388
440 462
154 459
274 339
300 180
25 317
451 436
437 23
399 335
429 362
384 445
328 295
38 159
174 114
152 25
49 225
178 67
281 96
487 11
384 146
218 74
282 152
9 132
441 24
167 165
196 317
171 305
469 65
218 144
315 287
427 187
165 150
33 498
88 17
181 430
374 261
90 164
228 384
441 194
90 375
48 130
17 242
126 257
382 119
356 318
408 172
379 19
354 121
349 106
218 301
468 304
464 20
405 287
459 45
157 62
137 44
338 129
422 15
295 284
79 249
481 68
35 451
145 472
81 214
6 266
31 393
473 246
494 243
425 150
3 499
260 163
222 252
71 202
137 379
149 359
423 499
128 458
10 207
27 255
126 454
499 452
390 335
246 123
120 126
228 370
0 211
478 253
105 129
401 31
359 178
357 13
436 57
145 157
154 16
484 99
192 383
332 280
129 468
306 61
189 189
202 238
449 207
40 78
397 24
219 469
92 52
246 267
220 399
460 45
23 126
172 29
337 422
89 79
350 269
290 277
330 292
45 383
195 116
297 367
332 270
34 247
272 473
72 164
268 413
10 337
176 45
212 57
467 12
167 245
126 8
340 178
363 119
467 412
282 167
297 219
492 377
361 231
374 317
287 77
156 203
346 158
143 185
79 254
111 271
5 385
33 291
451 493
192 230
292 270
490 150
53 180
118 111
64 465
307 452
236 330
384 357
261 75
490 254
249 181
453 73
319 212
151 356
351 213
341 206
350 309
103 459
200 322
302 146
283 366
56 150
262 38
499 412
394 29
450 60
359 225
225 468
174 113
491 241
429 116
185 37
55 324
140 49
70 46
219 144
203 294
498 247
297 146
475 350
429 332
331 475
168 227
314 190
177 385
411 313
0 238
257 468
363 180
127 244
228 472
203 247
87 212
324 179
42 49
134 141
362 471
141 239
204 122
266 257
480 427
161 271
76 372
173 424
308 452
322 431
93 11
204 281
11 492
457 410
320 472
385 431
466 74
123 157
388 67
403 335
47 84
302 453
62 370
437 43
436 357
222 64
49 100
259 17
60 148
56 345
151 358
60 122
360 446
258 363
31 242
242 339
155 304
325 490
361 339
405 219
138 251
326 498
409 198
292 247
433 366
250 110
484 212
74 292
172 495
67 130
177 386
115 365
355 246
32 78
465 180
285 487
83 361
104 117
412 22
347 175
339 474
171 239
462 62
197 239
379 36
267 491
298 496
277 493
48 407
421 49
135 12
208 134
18 359
294 405
494 116
319 221
296 173
223 362
121 191
83 242
232 330
85 113
491 91
34 19
373 458
498 299
486 284
355 166
199 290
373 178
483 475
262 21
406 106
278 373
194 176
277 261
63 473
480 227
351 448
380 151
122 212
269 56
366 199
62 34
266 106
285 120
404 423
274 195
44 254
443 67
144 348
139 203
213 4
415 167
367 134
92 117
291 388
442 113
283 486
285 138
64 166
246 444
244 273
380 275
399 77
331 303
23 332
452 266
369 67
91 364
453 242
406 93
493 115
499 164
406 397
99 362
88 167
440 496
384 129
224 45
238 334
22 43
383 7
318 253
263 19
444 278
223 387
106 168
115 124
191 398
366 207
166 38
74 52
322 189
130 118
33 238
105 34
136 274
169 278
491 24
439 52
414 272
217 210
363 484
125 360
469 444
456 449
32 214
107 102
317 36
488 125
388 300
357 20
261 156
20 72
312 316
486 301
177 8
134 107
470 26
36 371
22 420
163 446
134 154
10 237
85 379
122 325
62 128
392 313
453 145
5 378
277 383
267 7
144 245
102 497
107 103
403 344
310 352
135 47
492 302
491 320
58 360
158 419
141 335
425 37
271 493
118 136
198 198
263 85
233 307
481 361
306 165
326 180
29 58
216 355
245 123
267 320
136 21
386 131
298 247
245 27
316 356
285 381
310 377
461 128
94 155
488 398
415 150
22 78
342 192
411 303
191 223
365 148
454 436
254 172
396 410
190 223
352 418
126 370
167 325
429 64
115 275
337 137
242 209
178 487
454 41
151 6
172 231
125 52
422 312
172 315
117 315
103 242
451 268
419 418
243 356
279 264
458 292
371 361
142 405
98 190
2 420
100 178
225 188
432 494
182 385
214 123
27 170
176 72
152 252
106 98
331 4
168 472
482 126
123 75
128 92
363 148
160 15
47 16
202 117
213 36
79 294
147 113
47 398
182 376
465 355
359 237
343 51
63 109
318 30
327 147
296 33
95 193
340 341
207 14
343 25
12 418
264 209
132 164
253 373
364 423
168 126
240 492
346 195
12 467
67 158
142 396
130 208
37 332
156 246
260 188
7 334
345 21
55 165
292 109
269 450
118 193
278 211
11 471
226 347
340 13
101 160
121 203
234 81
398 446
258 410
47 41
407 215
77 365
110 494
179 71
142 165
313 269
47 92
92 377
57 170
414 88
492 86
47 203
63 28
8 358
35 345
103 406
143 19
383 377
219 433
273 467
273 38
432 375
498 312
365 366
196 10
450 440
119 54
364 325
194 445
470 229
344 164
124 103
399 84
216 125
12 12
215 237
183 37
235 180
89 282
376 424
155 390
173 224
296 279
176 484
359 408
201 162
310 309
234 475
247 193
106 87
285 60
108 308
242 346
259 224
314 248
60 288
101 122
154 468
337 4
16 157
338 441
159 170
264 57
254 158
147 346
400 377
376 77
181 169
210 134
423 418
406 285
122 457
484 162
473 145
63 147
415 344
335 321
118 101
304 284
431 45
142 27
447 19
355 92
428 63
433 479
119 119
333 265
352 485
210 450
58 63
298 383
226 32
137 234
430 14
304 163
174 52
165 364
449 178
496 231
168 259
177 214
87 54
298 196
277 416
236 142
382 241
333 292
67 269
154 121
221 341
298 268
354 386
0 273
149 157
145 188
250 48
27 120
380 360
11 186
78 87
174 110
424 304
466 214
452 92
216 371
165 155
399 437
467 12
51 83
335 205
46 289
116 15
455 423
57 80
146 103
405 358
488 407
49 51
495 161
321 365
168 50
14 204
150 372
9 149
342 336
376 406
253 160
473 499
285 337
295 131
152 219
29 112
261 335
360 155
153 405
308 403
313 248
62 107
369 147
369 114
284 329
147 19
285 23
117 98
229 253
277 337
213 138
454 222
199 147
309 464
16 355
211 119
273 464
187 393
338 129
94 139
106 271
140 213
165 436
112 465
350 82
499 197
249 260
77 387
356 276
356 197
56 213
21 377
322 181
4 230
114 286
464 319
460 84
355 295
386 286
379 14
102 114
305 316
416 86
489 64
409 404
78 250
52 320
427 136
53 65
14 461
221 149
384 238
350 446
105 214
212 61
70 413
19 424
280 473
373 482
210 464
458 165
290 392
486 45
240 76
214 67
456 302
187 388
221 6
96 443
281 326
143 313
459 389
294 268
355 357
17 113
189 324
114 138
156 67
340 122
236 402
173 247
418 378
44 198
271 252
442 417
52 394
146 194
92 159
202 82
238 259
480 12
69 440
451 118
153 90
371 389
156 146
150 453
264 453
59 143
491 367
251 119
397 322
463 456
332 499
141 322
486 184
398 5
118 327
123 119
496 186
302 244
362 291
216 213
439 198
201 387
32 65
240 52
108 387
300 415
80 172
161 124
162 472
411 58
373 61
371 368
53 219
59 421
149 382
101 271
162 426
478 391
242 14
209 438
21 309
138 219
322 234
363 72
410 406
358 430
492 244
359 309
397 496
140 250
306 254
347 319
234 124
134 481
93 211
114 408
53 411
156 384
49 266
39 234
419 143
352 481
298 461
102 66
483 393
479 397
215 232
422 301
498 117
149 50
58 140
30 114
395 462
308 223
138 104
65 126
420 246
9 402
72 131
202 247
275 267
10 357
255 432
148 74
110 209
238 90
0 344
387 120
51 101
280 146
167 143
401 480
261 188
413 487
296 156
145 176
86 78
441 458
198 225
160 208
2 39
123 194
176 355
463 242
338 109
34 166
103 268
430 13
262 312
152 91
341 196
308 125
466 425
182 128
13 43
17 296
223 155
490 248
109 499
463 477
115 442
192 128
414 387
121 351
324 139
49 438
275 240
151 82
318 317
144 127
95 39
400 307
292 51
68 278
447 121
371 303
323 159
455 206
425 467
330 108
194 60
166 280
363 228
22 19
119 205
10 47
268 193
305 227
113 52
16 334
266 96
130 381
408 33
222 410
191 196
497 378
397 412
333 41
492 463
120 53
91 378
165 312
17 472
152 226
331 433
36 338
71 50
234 355
168 439
131 311
428 91
450 171
463 367
83 138
51 201
35 318
301 31
265 178
289 137
176 223
436 68
294 309
329 135
329 86
442 161
88 116
281 156
404 14
79 40
219 389
50 224
437 168
361 38
433 2
192 204
271 49
467 45
463 331
400 332
416 148
347 357
470 99
321 186
428 114
130 188
283 447
467 138
423 133
196 176
67 238
263 212
179 22
269 289
451 87
109 305
347 31
114 393
389 95
48 466
406 361
390 206
317 492
206 3
137 195
273 63
29 371
233 493
33 173
200 167
402 95
403 313
130 473
215 473
497 40
426 107
182 162
138 131
66 341
329 476
146 352
372 259
420 290
494 404
281 482
231 153
464 166
498 373
356 200
202 246
377 238
44 210
148 105
466 174
46 408
98 200
104 18
318 499
380 177
366 289
294 377
111 428
288 284
199 488
6 347
208 232
119 21
221 130
84 226
47 420
45 139
432 309
281 320
246 88
481 50
134 319
30 306
399 246
459 425
273 223
144 34
372 90
349 357
402 320
389 45
328 129
283 113
216 28
338 102
336 310
67 292
473 155
295 361
431 71
137 470
220 165
490 328
183 156
396 10
494 416
84 298
69 432
251 241
225 307
19 191
117 51
217 118
256 212
90 118
159 471
182 361
128 427
384 283
136 408
324 381
369 381
41 169
342 101
447 233
199 386
223 329
356 110
16 274
282 235
427 137
276 225
422 107
318 341
482 398
75 191
468 396
255 204
288 291
264 353
333 164
271 29
436 275
169 153
284 407
279 420
277 158
321 449
224 352
305 102
363 353
388 68
134 352
345 360
400 278
31 8
145 210
35 254
296 469
485 329
77 497
403 326
430 138
110 168
157 269
498 359
192 117
8 165
128 378
26 386
147 195
345 294
321 343
249 412
492 32
238 317
187 52
239 197
60 15
40 82
330 164
232 51
253 300
178 54
263 200
114 73
111 323
260 113
336 403
97 33
172 102
447 314
409 216
66 107
428 411
50 30
48 375
307 411
218 231
418 216
51 112
318 238
497 156
371 244
97 294
226 13
264 0
205 315
44 465
324 381
218 428
124 225
126 408
183 426
111 222
365 3
43 236
41 489
433 140
51 369
89 20
408 470
119 494
386 261
361 107
150 374
162 120
59 54
379 265
249 109
307 70
162 174
261 298
151 153
94 165
286 312
192 185
147 41
443 105
173 267
361 14
71 459
183 485
462 46
358 81
88 264
339 445
497 130
459 121
177 154
46 145
306 39
362 189
72 161
290 31
294 286
91 158
115 307
255 45
253 136
84 360
176 182
55 76
174 446
166 324
38 138
239 135
419 455
254 301
310 283
337 422
290 214
26 380
166 304
272 195
129 133
117 97
186 447
495 104
238 71
110 397
118 38
210 443
243 307
262 119
113 122
416 176
280 86
181 46
73 434
215 119
96 21
217 462
21 436
211 384
313 361
291 159
265 85
151 324
213 12
48 40
430 448
442 375
392 311
41 394
380 134
184 145
245 423
416 186
441 281
483 219
333 79
212 262
184 225
106 484
34 437
477 133
136 485
185 314
335 240
94 258
289 436
398 121
205 103
213 297
403 137
370 167
280 93
79 190
311 2
202 110
495 244
453 457
303 322
299 272
128 330
296 272
166 323
467 307
386 235
345 227
326 417
357 195
213 484
134 259
472 413
225 70
429 345
347 475
395 499
61 211
335 212
374 202
338 108
81 215
43 128
356 169
290 93
280 23
432 436
54 386
229 282
77 253
212 489
269 217
109 115
367 306
333 159
26 346
61 358
53 305
476 5
186 217
303 124
59 319
122 308
323 317
33 188
247 421
298 332
329 6
33 27
464 449
273 83
218 403
484 130
351 217
494 224
315 264
34 30
269 431
474 333
124 365
264 467
379 127
189 205
376 69
181 382
222 16
155 71
387 333
486 76
259 343
20 321
494 302
114 320
340 227
225 150
147 210
231 481
200 103
160 313
262 164
35 317
395 295
24 316
205 232
340 299
216 292
487 169
176 388
336 294
318 219
225 76
82 365
205 147
60 262
104 267
307 182
466 296
324 94
431 453
115 28
244 463
15 314
441 120
317 212
186 275
140 439
300 263
322 136
350 376
229 302
152 320
102 79
42 270
237 133
312 259
263 481
364 258
69 451
172 93
109 264
315 112
326 367
158 342
67 237
27 134
492 301
52 400
440 375
260 447
482 117
343 113
331 183
256 393
139 421
48 221
480 362
64 408
15 395
245 13
216 407
291 341
361 353
292 270
421 458
43 96
258 196
13 340
472 290
170 339
380 394
247 239
130 428
171 60
237 436
359 190
139 485
322 282
127 236
209 174
309 281
244 9
155 239
425 171
74 94
324 353
295 20
495 60
494 213
371 488
370 80
339 386
278 181
301 193
8 208
182 461
444 126
409 197
111 331
387 443
29 183
22 454
43 401
327 235
209 69
256 135
415 405
302 64
474 230
31 137
34 211
404 351
62 414
248 269
419 38
360 400
196 246
102 180
65 352
92 225
219 412
419 434
492 433
211 18
107 4
12 131
430 436
109 275
242 94
165 321
295 74
43 229
477 301
262 131
29 137
145 362
132 25
307 144
109 370
74 488
61 439
209 54
468 255
347 270
461 480
454 204
234 170
217 223
470 201
161 128
383 4
226 153
131 222
100 13
321 206
176 123
188 303
477 7
308 488
210 280
271 454
413 330
426 273
472 313
280 399
388 51
499 149
47 479
334 218
139 315
145 43
111 175
343 464
100 346
497 207
100 155
156 494
193 368
409 245
178 376
14 410
422 303
64 216
437 163
359 26
458 380
146 304
94 71
387 390
326 486
168 432
467 122
372 146
411 242
308 429
282 159
250 117
243 277
155 101
499 366
99 488
488 260
41 21
38 147
112 77
28 99
342 131
107 347
178 88
378 167
403 385
45 51
334 470
187 425
4 112
418 191
146 49
386 68
369 246
245 113
386 425
309 150
389 488
54 103
267 298
298 152
326 157
234 80
84 248
323 453
159 41
385 383
364 485
206 440
125 247
290 350
276 130
166 127
337 135
426 337
139 351
339 192
292 433
233 217
318 98
110 364
56 396
440 325
352 441
427 499
316 204
61 117
320 221
325 237
32 189
186 138
262 119
62 344
210 457
203 307
92 430
472 144
250 134
399 43
179 319
494 429
143 317
223 344
92 92
372 285
204 480
39 233
108 146
258 384
268 81
79 65
200 91
262 110
151 425
159 234
453 196
241 440
122 198
19 335
405 205
391 294
474 21
36 259
348 468
344 415
114 445
145 420
472 189
455 29
285 158
159 240
482 409
471 225
193 443
273 303
271 350
356 349
46 309
237 491
196 25
199 29
176 369
497 367
406 432
295 497
69 438
151 273
78 429
105 43
112 365
318 100
474 421
173 290
12 287
86 114
330 53
131 379
306 122
472 115
36 397
115 136
270 316
164 220
56 327
337 404
22 490
297 21
301 141
174 212
316 382
232 220
435 156
108 337
207 222
289 243
135 186
14 284
278 291
304 110
470 437
178 344
420 259
202 199
277 297
153 40
21 204
474 272
431 234
295 102
436 103
409 240
478 76
448 377
99 117
226 379
106 494
444 424
459 133
266 441
394 47
300 149
349 344
352 143
473 56
283 363
169 215
138 234
311 335
106 72
326 457
159 334
489 298
4 496
372 250
67 196
148 378
230 244
66 73
487 380
222 220
92 100
238 156
330 260
380 136
67 84
475 495
345 191
147 248
261 399
286 236
0 355
39 342
292 284
365 185
274 368
75 392
439 47
290 272
113 227
170 445
107 351
146 58
139 111
379 310
475 34
140 394
462 379
303 91
189 254
289 115
225 470
162 102
431 467
363 129
461 486
169 332
430 402
59 228
370 90
151 279
138 288
297 11
203 440
411 109
125 393
236 51
325 119
387 448
372 178
379 202
128 262
101 463
437 223
285 300
17 31
233 320
135 110
242 325
14 349
108 480
428 234
220 397
209 459
356 124
262 489
347 255
178 418
426 72
419 126
322 251
300 283
134 159
46 435
275 55
0 23
70 352
123 101
378 469
217 5
443 160
262 231
395 195
253 227
107 222
401 179
212 39
251 297
62 89
377 260
352 333
271 89
13 241
429 305
234 104
74 413
494 379
495 261
39 184
239 369
77 112
30 437
155 341
447 434
32 306
66 69
48 311
57 12
157 192
227 451
164 48
11 481
123 9
210 494
146 61
403 395
308 204
418 52
205 281
79 462
494 267
244 137
293 321
362 467
153 151
359 398
164 70
340 446
415 73
118 299
473 150
22 302
204 93
105 397
33 432
79 288
398 294
436 265
365 143
0 235
462 363
295 299
313 82
150 423
457 197
359 407
360 224
147 421
477 207
292 100
466 348
460 228
237 312
396 8
201 41
333 236
476 405
235 329
116 249
375 394
75 68
1 235
35 269
482 29
2 306
374 384
113 302
277 472
435 78
6 483
321 227
265 333
395 452
2 421
393 413
462 287
95 242
309 27
346 490
435 309
464 214
443 194
42 247
166 149
420 143
110 61
132 166
46 262
351 279
187 66
388 440
432 135
314 340
170 282
493 307
263 50
15 123
484 229
369 386
272 266
391 194
211 103
164 196
206 401
247 228
205 478
393 105
391 182
300 312
472 293
63 53
33 483
311 290
176 286
133 334
354 196
286 253
277 297
27 214
317 31
225 470
233 426
123 131
182 239
89 479
228 107
497 346
90 445
476 69
127 112
424 193
412 30
239 367
436 318
222 493
29 79
427 44
345 208
147 496
497 331
220 189
181 297
87 220
392 448
137 149
142 248
288 314
63 190
195 256
477 134
137 91
40 143
466 20
273 376
118 123
341 353
471 195
199 190
13 421
105 143
160 51
451 294
286 424
197 276
30 399
383 470
244 214
321 195
457 369
479 273
109 384
261 342
120 275
115 175
342 415
313 91
179 125
181 69
438 41
485 297
391 414
66 110
170 317
461 116
290 359
89 232
283 367
81 9
184 347
188 396
228 113
302 259
31 325
417 221
79 360
208 133
164 480
402 289
92 71
55 426
283 358
350 413
151 376
206 439
147 121
338 288
441 446
478 220
92 165
177 120
167 25
392 107
235 378
124 108
147 62
11 320
297 298
279 463
112 431
119 123
300 411
450 8
142 456
289 489
169 31
136 423
44 164
176 380
461 182
196 119
248 393
49 330
160 211
282 54
455 0
80 463
101 127
299 39
75 238
457 455
112 369
435 353
139 354
208 56
202 373
276 433
238 80
202 470
472 230
161 115
284 267
126 228
276 479
357 354
372 68
56 182
235 193
104 348
36 385
217 377
89 191
382 418
308 159
277 85
33 49
448 170
127 400
176 136
326 310
292 484
52 134
165 337
127 418
141 140
170 266
206 230
188 281
297 467
269 42
430 202
146 233
334 426
327 212
354 275
219 28
433 218
452 412
213 33
76 220
434 22
331 185
28 137
101 313
430 32
18 197
326 483
156 375
207 188
386 69
436 336
391 105
35 99
332 290
171 485
141 411
101 238
193 351
77 299
169 96
383 16
375 468
208 0
71 201
347 212
386 448
171 260
49 149
51 464
268 372
287 122
120 99
120 359
285 114
259 287
200 3
422 420
476 220
400 466
439 41
499 81
300 382
190 287
407 296
323 173
492 15
389 207
311 296
199 214
23 348
94 349
6 237
275 232
113 263
467 233
312 481
334 403
488 313
366 100
143 318
430 341
88 217
118 181
447 6
240 422
407 335
108 107
402 65
329 194
161 90
88 328
441 15
416 43
125 135
150 59
174 283
337 377
491 499
389 391
336 405
41 92
92 113
411 87
442 161
168 381
385 446
219 384
120 466
42 121
45 491
38 362
419 127
478 480
294 294
199 290
486 198
58 123
52 397
422 457
144 456
268 315
170 253
129 244
71 454
167 48
430 204
106 146
304 351
176 303
405 284
354 42
140 455
245 208
449 119
338 294
337 18
70 117
17 421
361 89
327 466
139 29
353 316
207 193
487 53
183 361
388 103
172 414
315 313
184 259
496 194
202 350
244 479
173 126
17 36
75 42
351 56
306 255
202 82
272 155
97 399
483 123
158 330
317 315
228 9
150 283
293 488
298 212
435 70
141 475
413 208
171 332
149 143
141 211
21 242
277 128
302 187
185 385
21 28
263 364
365 377
80 276
327 44
26 412
372 90
430 87
32 188
398 131
459 211
311 404
241 180
243 311
202 247
93 162
363 175
496 250
450 51
141 224
440 426
63 124
97 432
425 375
359 479
47 214
222 77
413 135
112 68
233 80
437 5
473 30
461 34
80 372
213 262
393 168
322 110
396 157
80 325
474 310
462 267
455 70
418 387
238 424
36 490
427 452
114 259
451 323
443 13
157 235
348 377
56 215
54 57
58 234
66 97
315 85
297 487
268 254
495 158
238 118
270 14
478 351
114 368
418 430
325 272
149 19
56 26
83 419
336 173
391 213
34 408
154 488
403 255
181 35
137 202
61 54
190 157
152 72
250 256
123 466
242 151
19 275
273 472
49 396
220 351
322 130
202 483
122 26
246 403
463 52
299 200
16 359
291 149
264 88
139 214
277 333
147 474
312 0
207 43
262 19
377 163
12 358
288 144
475 231
336 479
432 86
174 162
374 186
155 439
131 10
372 368
288 227
184 13
115 293
498 167
423 220
100 166
11 481
249 49
202 197
378 248
179 93
155 398
263 210
284 424
459 91
4 173
188 369
313 256
328 431
93 336
427 418
302 362
106 454
277 452
486 269
392 420
412 168
171 350
348 96
35 214
191 491
130 417
10 467
382 407
127 61
142 142
330 326
12 473
433 374
336 443
404 286
249 424
80 11
125 28
112 336
80 407
352 9
279 221
141 288
323 387
305 240
63 45
421 179
385 201
136 244
321 172
190 410
15 404
209 304
420 270
75 177
14 9
8 121
287 35
469 89
491 26
125 467
477 265
111 202
156 396
476 245
169 161
83 61
32 453
142 292
195 18
346 355
55 50
309 140
422 412
275 453
327 446
236 43
43 426
240 178
216 193
489 392
321 493
172 416
337 145
28 170
327 43
264 168
233 201
411 358
491 4
266 417
391 177
24 16
123 217
149 416
310 407
217 414
147 352
282 175
14 238
65 35
464 181
329 433
237 422
85 170
272 260
78 112
95 469
496 37
79 156
265 248
70 304
90 143
327 486
398 97
339 238
224 362
454 136
237 229
107 317
111 345
275 494
44 391
238 52
393 399
316 329
16 493
444 363
311 86
243 243
432 163
367 67
94 261
148 176
345 422
39 473
81 94
285 356
423 398
242 72
77 301
170 222
454 300
304 280
93 392
277 71
222 412
115 396
2 20
171 169
472 368
276 464
400 270
286 56
403 68
377 424
146 352
213 85
364 36
105 235
263 80
319 482
38 177
148 77
392 69
116 315
295 252
219 42
283 365
33 408
65 325
304 220
87 299
324 32
421 130
424 320
193 115
223 88
343 241
147 445
448 473
309 146
257 246
157 173
258 10
20 55
256 387
267 19
121 299
317 281
266 265
457 379
31 332
117 65
30 253
491 54
471 211
314 26
194 277
460 310
361 246
473 8
144 491
398 63
286 380
274 111
430 150
288 437
274 208
99 457
382 45
67 135
36 128
237 152
334 101
388 85
477 252
393 77
165 404
448 111
466 245
248 134
373 284
353 36
157 162
268 373
183 276
454 136
495 287
380 86
406 196
287 346
33 153
212 401
148 144
58 335
51 471
63 330
287 156
171 329
32 451
191 251
305 399
85 258
317 314
17 457
29 327
155 194
270 140
169 488
348 59
416 160
247 77
279 242
257 82
188 293
28 7
477 401
389 317
476 379
245 49
494 458
483 57
78 371
471 386
206 178
218 450
402 420
337 188
155 248
294 97
162 278
84 437
202 425
198 263
67 328
299 437
323 147
13 200
62 143
464 398
497 107
100 177
480 204
150 103
260 56
70 30
278 390
184 454
141 29
193 492
346 149
348 366
290 150
290 96
395 452
157 93
259 47
72 355
466 280
56 495
362 472
258 0
35 447
393 445
148 15
28 17
224 139
35 327
414 226
146 110
59 460
235 331
408 66
370 160
63 169
241 443
465 137
385 116
91 451
318 207
5 21
21 374
466 4
84 221
218 126
110 130
116 274
229 343
364 369
388 26
364 69
433 204
113 23
443 277
416 117
343 372
233 246
416 354
457 437
264 123
463 44
137 67
252 253
180 466
283 186
452 371
277 398
171 138
281 203
353 176
140 412
201 50
392 258
383 77
394 79
118 250
145 163
343 358
37 171
206 15
324 350
118 175
134 18
75 280
487 79
193 493
277 486
398 460
10 421
292 116
440 285
306 421
496 339
41 462
128 51
473 143
384 330
64 211
314 47
273 75
445 352
10 199
391 434
257 456
83 467
439 139
302 394
228 169
19 456
238 364
300 97
225 409
363 120
400 470
391 12
242 338
180 127
5 59
240 68
407 71
378 460
278 34
75 428
365 130
456 230
334 304
487 229
212 50
397 318
234 6
251 192
465 26
112 34
312 56
162 452
26 476
168 296
463 479
476 122
276 115
477 281
193 81
435 351
268 442
322 118
260 124
403 281
42 38
236 307
258 271
83 294
333 252
425 203
341 449
341 428
298 309
331 221
340 251
317 315
73 100
49 282
176 426
279 490
313 147
17 313
296 235
349 322
164 82
393 9
385 134
90 14
78 71
465 67
226 127
353 153
9 412
155 437
69 268
91 443
235 265
388 412
144 41
160 213
60 95
52 338
66 322
66 264
76 134
333 397
267 45
455 417
114 212
256 275
456 297
474 16
4 211
51 403
380 72
302 53
212 327
385 451
480 254
431 10
28 137
354 124
236 400
83 340
431 469
436 88
47 418
417 265
162 446
179 80
312 433
214 219
53 149
78 170
187 498
499 32
251 397
219 261
172 345
352 332
317 30
283 463
485 59
28 462
67 105
215 138
371 324
187 232
93 145
121 421
408 109
439 94
372 102
89 382
240 287
267 327
439 145
120 126
103 439
303 95
350 429
305 69
221 128
134 130
158 4
171 154
290 436
3 176
63 311
396 165
30 159
148 435
241 242
277 133
363 266
54 369
456 101
131 233
186 326
319 99
116 126
459 495
446 351
366 438
41 28
39 384
100 185
435 218
15 122
316 66
224 78
249 434
139 178
78 286
251 385
394 341
109 210
151 94
110 248
58 293
101 399
424 113
166 380
260 218
330 493
270 414
270 360
207 159
469 355
70 253
362 334
130 242
399 437
413 473
484 282
189 331
47 437
189 59
370 213
266 429
65 434
210 461
282 199
137 397
290 5
463 488
130 420
385 169
21 127
418 447
464 395
260 362
299 105
443 458
286 247
290 326
145 469
410 359
3 164
99 178
293 140
152 180
88 452
169 401
288 435
74 468
336 56
159 408
54 196
102 449
181 303
253 332
72 228
144 57
301 86
5 252
410 411
2 82
470 494
347 8
91 497
25 16
354 220
358 443
284 221
14 434
484 456
460 285
396 281
194 137
9 83
154 350
225 111
381 312
167 401
403 433
402 286
187 207
162 172
448 189
307 290
30 216
50 39
74 76
209 72
74 213
386 67
468 115
259 207
393 324
268 286
404 408
201 218
175 489
98 183
178 284
489 191
276 163
431 211
374 473
413 418
36 263
352 207
217 445
451 272
146 132
252 52
112 77
49 80
378 106
468 318
381 347
237 86
74 207
107 121
259 264
458 346
70 369
292 195
294 451
445 89
216 122
99 360
65 300
317 69
152 438
431 396
238 446
3 308
21 381
487 441
482 149
371 489
202 174
480 210
479 193
270 47
450 473
413 393
228 153
154 252
125 161
416 30
92 401
88 335
181 47
138 134
183 81
457 119
126 153
159 297
136 411
460 174
165 464
495 360
185 464
54 142
393 51
206 320
134 176
67 15
157 438
93 153
122 190
99 183
340 384
458 415
16 365
134 441
413 13
72 261
103 438
255 123
55 485
49 425
407 487
293 140
487 315
274 277
410 93
225 38
45 6
207 389
492 495
181 157
286 295
33 351
272 65
109 218
449 401
121 29
344 266
232 105
477 340
71 239
281 123
308 375
212 295
197 495
20 421
75 341
308 354
496 410
366 251
11 127
145 341
27 74
461 161
94 482
440 438
32 366
85 290
130 135
283 55
112 104
248 283
331 118
42 334
475 11
182 150
365 424
488 407
30 22
466 232
471 252
156 438
131 207
27 323
290 58
468 458
297 272
104 169
278 287
21 211
142 446
368 331
459 354
21 341
127 361
79 292
425 267
408 195
310 101
467 203
193 95
448 8
327 420
172 312
54 289
246 257
399 370
192 383
53 272
62 177
168 104
247 367
138 18
450 468
365 450
349 53
25 302
407 41
171 188
423 266
78 435
22 148
312 356
274 305
256 472
161 17
239 322
431 434
297 442
340 279
358 103
236 284
49 180
229 458
259 239
414 197
75 482
92 321
336 340
157 312
488 390
107 364
352 40
284 418
171 346
303 51
479 474
313 454
73 101
373 293
149 298
321 287
123 290
467 114
392 245
166 106
211 335
424 482
445 110
39 225
339 411
103 236
344 267
152 138
450 76
233 147
129 309
208 170
269 162
394 432
95 251
317 102
203 22
408 39
84 139
55 213
425 260
472 422
31 441
409 56
379 294
435 417
413 275
490 424
213 7
358 476
221 331
442 396
247 113
323 499
101 260
75 453
98 390
413 493
14 213
360 180
300 315
380 401
111 224
473 347
396 408
347 80
207 249
296 300
244 333
168 158
182 128
426 464
104 205
400 201
496 91
204 198
2 374
204 429
26 209
43 218
69 358
317 414
183 256
453 110
136 125
216 180
17 424
93 20
238 16
139 94
38 106
423 246
316 311
278 195
159 270
209 497
296 452
263 441
248 397
103 70
146 298
439 25
149 352
144 268
65 240
343 356
430 82
187 176
154 411
480 229
169 6
135 359
222 231
115 260
119 471
363 372
303 75
81 289
87 139
267 180
3 4
228 467
394 64
217 288
437 98
384 122
180 42
301 466
229 375
339 269
482 339
129 192
453 82
122 96
34 37
37 336
243 41
477 275
310 424
425 366
164 167
375 102
441 257
342 157
88 167
372 231
180 349
221 155
19 51
45 439
354 55
116 104
289 258
280 425
253 21
38 143
379 91
37 425
162 56
15 24
72 372
154 206
253 140
78 99
201 159
35 408
339 261
86 264
226 168
95 427
459 8
174 297
206 481
458 483
485 135
160 304
3 321
92 390
402 376
225 81
476 454
85 161
478 210
348 312
413 227
47 127
360 293
31 225
46 90
193 196
478 177
237 19
48 291
368 275
290 478
343 338
203 427
116 184
418 251
190 228
254 30
336 431
85 343
234 76
110 309
71 120
136 194
130 338
384 429
164 221
473 158
193 356
214 139
59 67
236 255
483 209
234 313
362 117
385 114
223 140
191 243
425 143
383 419
3 449
34 328
97 384
472 151
430 73
190 129
381 228
202 351
25 129
380 453
260 24
12 87
93 231
88 296
16 449
339 144
443 453
298 183
323 288
198 450
57 104
122 42
249 153
286 459
194 81
300 234
439 91
75 266
26 72
449 83
187 358
17 148
159 200
288 331
2 22
27 71
197 316
278 429
300 461
80 22
491 374
111 348
275 324
180 482
88 138
198 129
441 255
392 272
211 224
161 320
225 40
496 321
363 295
6 483
478 68
406 8
36 66
239 125
148 326
330 252
200 87
340 293
321 86
368 111
11 3
152 265
394 95
68 264
151 36
199 304
159 490
250 375
301 95
231 40
406 301
450 419
170 58
386 416
108 436
10 18
90 39
41 495
375 76
403 25
45 287
293 399
490 307
256 404
413 184
368 471
437 17
166 352
426 407
232 405
50 418
309 173
406 243
385 209
5 397
89 180
417 244
34 149
125 467
298 102
317 236
248 438
328 342
261 442
211 402
479 381
167 278
221 475
461 242
355 248
123 344
107 168
186 51
252 109
414 250
378 298
114 373
278 371
172 208
216 302
195 331
378 336
447 62
362 349
380 150
363 127
111 31
168 114
465 104
50 476
250 232
459 315
22 394
215 103
65 415
438 408
164 162
421 401
381 449
9 46
479 26
170 467
11 176
145 237
450 211
76 85
493 125
166 263
77 119
285 344
71 327
263 419
455 79
449 117
466 378
134 271
86 110
311 332
409 58
336 478
457 164
59 413
239 205
86 242
9 280
102 478
293 409
187 92
95 215
41 163
398 463
135 55
220 162
402 425
391 289
204 337
422 240
270 111
319 349
163 414
92 93
286 493
1 419
439 170
466 452
161 163
181 343
378 419
254 354
103 323
245 81
170 69
132 357
294 204
106 227
377 192
27 222
267 88
269 23
102 154
262 355
281 311
251 258
82 442
412 110
387 277
33 246
320 222
265 224
25 392
404 149
29 286
330 315
291 67
410 179
492 103
373 169
186 9
316 48
467 425
306 266
1 412
50 392
165 66
347 462
137 246
57 217
186 160
173 201
414 143
204 413
122 334
233 424
203 33
319 349
146 264
132 411
274 27
327 263
181 462
27 173
381 15
109 173
40 302
80 190
466 168
167 115
359 187
202 298
241 68
209 201
158 306
474 79
345 63
133 399
201 265
108 143
54 50
376 16
480 223
426 43
129 437
86 279
71 25
226 217
19 206
402 404
8 460
35 255
398 331
240 172
56 80
176 407
495 148
409 149
357 227
245 5
323 315
486 192
19 4
135 291
265 142
50 163
90 157
408 176
161 356
191 90
238 78
273 448
124 244
265 42
380 375
419 230
350 377
360 241
426 2
347 343
287 285
112 208
498 86
1 220
175 230
196 190
399 413
261 200
406 147
432 226
255 483
148 396
24 340
469 184
140 488
164 449
206 146
446 408
252 226
378 289
291 256
37 374
388 301
118 42
348 73
242 369
316 426
94 89
200 291
48 72
241 157
47 97
453 378
482 428
298 82
454 462
405 343
431 112
248 447
444 374
38 413
422 399
394 337
464 151
315 263
332 289
470 491
235 259
4 344
85 30
14 414
267 34
226 342
366 6
148 347
497 472
72 432
10 416
410 371
85 333
116 124
60 87
494 498
162 87
112 477
158 80
471 273
471 287
273 478
334 190
23 288
311 168
163 301
240 316
51 209
442 406
395 185
441 50
410 211
342 253
376 421
307 5
402 468
343 180
110 346
259 162
129 47
152 170
30 333
353 291
129 286
371 56
220 131
187 58
9 418
412 341
440 423
407 332
466 330
11 157
346 487
140 488
258 191
294 438
474 479
361 437
153 99
60 450
240 89
246 128
475 466
396 419
492 407
69 423
251 484
491 342
168 81
142 331
327 45
474 380
337 136
475 415
326 400
48 472
182 292
338 70
224 423
402 235
265 438
142 469
77 77
382 343
308 447
237 455
411 493
207 157
241 304
413 447
476 464
69 454
282 379
114 333
65 455
426 57
71 220
210 262
353 246
209 252
274 277
97 419
319 138
435 71
190 122
393 90
199 56
365 176
357 131
303 394
233 175
83 298
32 365
360 390
254 186
312 73
191 209
398 421
17 180
216 179
390 174
140 305
180 35
141 402
266 4
29 95
428 262
342 120
282 391
186 113
313 350
151 294
190 248
51 452
367 5
195 254
203 417
78 42
102 214
417 113
217 325
492 114
243 414
59 137
300 193
246 415
61 482
342 351
448 313
241 105
229 358
136 14
461 447
135 391
273 232
100 235
391 98
324 457
465 87
174 175
379 337
337 184
154 313
85 201
488 458
352 302
85 442
459 129
110 267
278 39
2 486
184 145
83 200
428 234
78 298
283 280
49 31
27 408
444 136
467 406
378 415
272 68
117 282
167 481
376 290
177 237
452 359
83 204
133 415
214 348
459 15
65 443
228 357
352 371
212 266
393 88
194 21
393 259
200 129
386 440
27 68
466 303
252 64
30 218
426 434
56 107
179 69
358 103
72 336
352 190
201 240
459 277
397 20
111 295
103 289
358 321
141 60
90 456
456 301
145 481
157 54
67 79
274 13
312 222
352 367
70 347
279 189
345 223
186 99
289 465
57 326
448 388
148 330
425 408
318 293
436 195
334 51
130 467
405 154
235 135
80 215
287 391
279 198
314 156
341 51
28 351
222 366
408 389
215 155
386 43
481 325
226 318
241 268
99 309
194 361
57 466
116 131
483 239
460 447
56 222
187 75
468 175
419 250
37 20
359 415
91 273
54 168
496 253
11 261
328 204
196 294
21 19
133 161
178 333
10 103
341 84
127 12
413 451
162 384
97 425
370 433
426 378
304 119
347 388
51 423
410 85
120 64
62 278
309 65
127 487
9 322
62 86
73 377
474 297
130 428
394 232
123 102
248 470
427 266
461 22
314 90
441 18
376 111
433 479
443 244
324 380
38 358
499 251
54 59
1 160
460 66
125 285
263 61
185 493
48 452
178 209
330 5
485 100
299 168
274 306
68 238
227 220
68 180
248 393
337 354
40 88
186 272
374 340
288 19
100 456
21 45
192 448
178 249
110 295
153 419
309 428
302 458
105 350
232 55
96 235
306 465
412 460
303 281
76 173
201 128
59 465
293 474
277 187
243 382
155 400
131 375
185 423
108 29
390 412
125 269
112 449
353 468
441 222
199 347
253 241
86 411
164 265
305 119
134 358
227 31
393 273
120 73
100 124
459 410
54 145
235 366
324 192
183 117
186 149
227 251
347 214
340 68
256 93
163 455
47 342
337 36
404 144
401 36
208 44
102 6
36 121
50 451
76 334
347 301
409 421
398 296
387 482
134 173
411 355
398 447
188 233
129 110
200 303
448 81
178 445
437 325
50 280
147 348
296 196
138 55
176 478
152 78
21 147
220 203
173 489
202 314
45 344
472 105
65 144
203 84
370 273
300 50
274 126
101 476
104 46
463 317
256 360
126 451
17 495
395 49
357 298
0 105
297 168
8 280
54 389
266 372
228 418
448 41
393 460
380 208
203 173
470 399
153 476
383 21
31 292
266 236
17 417
71 356
442 447
196 304
389 328
359 102
83 26
340 227
58 216
149 475
382 239
423 326
143 296
147 456
34 292
217 435
439 48
195 90
362 106
301 484
364 384
476 417
352 420
321 284
463 163
499 234
85 430
95 458
237 393
107 181
423 426
248 220
416 490
313 195
25 54
405 37
208 9
232 290
375 140
473 455
230 402
450 464
144 108
105 330
417 136
74 376
178 74
100 75
476 375
488 245
325 146
363 282
188 23
440 144
272 441
498 161
24 95
219 134
438 391
81 119
433 295
92 280
399 368
360 126
114 203
52 369
469 453
380 252
6 78
339 232
391 65
336 498
477 275
145 40
273 74
0 140
6 404
133 121
305 120
125 366
368 270
462 262
52 265
167 351
168 158
365 293
91 163
41 164
225 271
68 465
71 132
113 386
127 129
294 189
6 358
106 5
472 204
101 65
59 49
248 354
384 347
346 360
158 371
447 270
140 46
221 217
73 331
484 220
258 204
170 489
192 94
291 319
435 269
317 485
290 293
263 482
96 61
307 257
494 310
162 366
97 91
263 397
175 346
490 415
325 228
482 128
444 252
444 296
233 489
351 284
469 361
325 58
288 12
235 295
88 278
176 341
442 304
50 361
125 301
50 151
65 96
181 160
194 276
178 294
113 61
405 410
135 173
393 119
146 317
243 311
84 292
187 258
21 376
366 257
326 72
128 247
414 74
111 469
262 290
380 84
257 439
346 177
486 293
471 0
88 118
405 200
477 316
274 90
454 63
156 487
499 447
305 163
44 221
44 428
319 367
18 72
419 484
463 114
68 37
376 286
76 160
495 347
349 335
294 448
295 489
291 482
484 234
363 269
131 465
449 433
158 61
105 307
288 317
246 47
50 133
467 164
268 324
409 159
202 475
414 317
135 110
376 460
277 153
241 70
354 66
221 439
424 146
196 12
324 460
342 324
220 61
184 464
328 480
5 105
357 118
78 392
33 482
137 130
226 409
112 485
131 384
184 391
415 304
391 284
187 235
327 49
449 249
244 419
426 174
341 141
290 322
310 206
54 225
1 259
31 152
2 336
76 75
91 24
15 9
139 126
344 61
474 117
35 110
406 407
429 245
133 14
328 133
447 199
266 291
317 139
243 19
442 319
382 395
121 331
498 375
163 451
197 189
482 448
88 466
46 480
12 364
255 460
153 41
368 254
205 464
135 52
107 327
44 307
172 469
114 95
218 272
231 310
184 473
479 487
377 127
13 329
284 73
49 312
99 256
265 360
410 165
162 68
379 374
1 276
308 215
410 357
188 247
460 164
178 328
22 166
22 383
270 251
393 207
14 86
87 201
107 412
391 72
34 51
275 178
280 181
420 154
438 181
272 332
205 77
126 270
94 244
495 476
325 22
187 202
347 393
157 16
209 215
194 270
84 122
58 166
393 279
377 407
126 190
454 275
438 324
374 147
339 470
423 324
462 217
285 94
403 66
469 21
396 212
336 140
70 156
186 53
165 37
283 424
24 228
302 4
139 285
340 407
366 383
251 101
314 392
44 483
234 265
70 288
106 488
69 161
183 90
393 201
499 332
246 455
418 201
75 199
405 18
146 26
210 12
80 158
20 476
57 337
321 137
94 69
253 303
112 144
268 348
340 221
343 375
342 151
483 266
314 452
303 448
414 152
67 480
360 99
301 37
150 420
302 86
327 100
132 288
263 235
371 413
39 405
422 323
150 423
91 110
251 107
250 450
236 229
62 96
395 440
456 50
155 365
15 346
374 297
316 215
444 177
231 26
122 29
39 240
255 357
311 475
434 224
240 462
246 498
13 264
415 181
25 364
410 134
224 366
494 60
152 70
424 277
481 414
108 85
310 293
245 28
102 57
299 7
47 172
275 101
171 107
462 38
164 271
449 488
388 160
301 6
68 402
403 445
216 402
66 13
396 94
140 184
353 381
133 449
487 337
158 247
173 78
433 443
74 165
350 324
359 496
61 197
73 210
353 188
424 34
24 433
231 129
0 101
450 495
382 220
186 389
468 441
429 80
148 8
194 389
155 368
453 166
324 414
413 360
445 78
93 377
58 253
370 55
388 155
371 434
304 209
354 435
49 321
166 382
11 329
116 385
145 146
147 485
96 154
223 164
160 19
300 59
132 257
370 371
337 322
324 295
84 253
475 420
213 93
380 435
278 486
441 42
371 48
112 293
433 92
372 39
178 15
120 198
330 250
373 51
347 410
211 429
454 171
343 267
239 292
192 20
360 472
44 83
87 300
180 223
85 423
314 309
147 403
21 199
123 482
26 407
226 59
294 445
69 194
68 469
216 321
185 172
255 261
149 445
83 225
112 395
311 489
312 437
23 117
168 229
68 387
361 428
214 241
101 10
438 344
302 229
165 114
335 220
113 47
292 435
84 443
398 220
98 149
174 331
194 158
420 9
73 415
383 242
322 261
14 49
422 284
7 88
376 238
119 480
134 468
250 234
354 441
121 403
483 174
253 5
87 127
261 486
238 164
211 384
32 253
151 242
499 430
461 66
109 93
100 59
480 150
183 233
161 273
126 135
122 90
212 377
63 186
408 430
442 248
9 299
362 491
287 328
37 377
215 482
166 143
342 126
90 396
25 393
204 358
387 401
326 368
63 275
58 369
4 333
259 197
450 34
265 5
359 303
26 207
402 405
277 184
302 32
327 261
222 154
493 412
339 208
493 160
291 400
172 2
85 248
307 22
53 82
233 465
266 421
268 447
464 470
447 112
399 494
408 447
333 291
466 287
311 89
405 102
263 127
45 51
152 19
131 219
150 74
225 101
336 223
261 342
392 26
185 423
177 216
401 441
462 25
104 364
94 100
431 82
87 242
284 42
364 441
359 195
350 15
207 15
289 48
47 350
447 256
464 177
180 157
494 143
490 179
355 157
408 320
95 365
488 398
2 301
77 407
239 112
340 85
109 334
310 182
327 380
243 289
267 35
309 69
30 437
376 254
402 479
365 86
273 1
429 393
47 55
307 296
174 309
84 103
136 90
10 45
152 324
435 392
76 219
231 497
171 155
125 157
471 11
310 257
193 455
490 467
3 328
35 281
117 110
359 29
228 111
393 242
464 487
223 474
113 54
435 205
463 77
51 401
448 495
478 22
470 443
259 195
226 244
132 22
444 56
288 233
292 289
464 169
285 459
352 83
296 465
444 284
343 467
16 209
298 276
301 20
341 94
405 134
3 491
167 470
383 365
235 488
10 420
82 281
296 209
145 442
354 438
138 83
63 73
192 411
149 31
140 184
394 286
407 140
200 357
366 137
14 242
412 213
296 60
339 291
261 494
470 148
214 331
361 205
298 20
61 240
168 267
14 274
69 81
254 48
111 230
191 24
305 339
308 194
303 169
220 398
332 212
8 204
310 259
386 47
42 254
153 306
261 323
407 233
230 22
49 66
269 330
226 119
75 293
490 395
419 235
440 363
12 285
482 23
76 277
144 261
209 332
39 197
334 141
464 101
288 136
404 276
246 173
17 273
265 418
338 189
36 382
71 469
427 44
428 157
417 203
31 58
32 99
372 300
228 224
256 408
81 329
279 199
81 180
274 23
203 16
241 88
281 31
418 25
87 305
426 29
241 220
336 370
131 309
347 216
359 444
51 471
27 60
143 233
283 297
133 233
33 333
166 475
287 200
212 327
357 367
101 275
460 344
42 459
246 436
472 185
75 237
277 369
435 433
275 146
133 74
424 22
90 103
430 179
387 242
345 230
453 176
192 136
222 155
61 70
236 203
32 50
495 371
291 468
196 72
71 418
145 157
409 302
260 469
87 131
218 378
137 115
210 463
412 492
142 101
2 478
46 245
389 367
477 214
144 124
360 245
132 132
71 296
276 206
81 362
7 172
123 123
373 117
122 104
88 130
109 194
132 245
45 184
454 297
343 198
317 22
57 240
209 280
437 265
103 426
446 324
173 85
177 324
228 397
263 495
324 15
479 46
147 459
415 355
212 176
190 391
449 66
308 257
26 495
197 246
240 213
367 218
42 259
227 467
307 138
62 213
36 482
148 101
439 465
496 274
161 479
350 121
144 219
21 248
192 85
349 214
354 40
476 16
185 222
358 63
445 85
371 48
185 8
176 136
329 363
214 477
144 287
158 388
166 201
152 113
53 229
123 477
382 402
24 478
450 177
354 260
334 433
89 473
310 245
198 257
28 80
379 144
49 159
152 185
440 258
116 200
40 16
488 210
382 356
116 44
230 200
307 233
166 475
274 248
227 216
284 173
249 32
424 207
309 260
138 442
353 423
111 74
122 441
147 155
149 177
244 334
32 313
9 64
258 223
368 10
333 121
272 157
59 429
365 46
399 126
429 317
185 223
487 13
121 105
310 115
96 239
252 256
336 405
487 360
121 248
132 145
299 33
471 347
258 196
142 258
143 4
305 404
449 240
485 15
96 320
151 30
105 131
372 95
470 243
43 329
463 111
214 259
145 432
460 181
38 128
243 385
106 247
317 61
48 314
429 22
456 269
119 137
483 471
152 421
75 265
443 316
421 431
150 170
400 438
289 230
324 199
347 456
235 346
219 279
82 310
31 464
383 8
398 38
198 435
331 451
334 51
228 423
22 85
60 380
171 113
8 93
395 213
452 448
450 470
265 113
44 116
354 448
412 270
408 134
415 418
466 154
476 126
137 391
294 472
219 104
110 92
174 8
299 231
172 283
288 194
252 185
157 143
315 297
348 463
304 193
225 145
465 176
39 314
452 256
122 17
220 310
182 485
43 274
173 105
11 139
59 199
408 482
305 328
254 89
277 62
248 84
148 59
428 187
145 186
151 459
120 400
79 109
162 8
411 255
152 174
59 334
158 376
465 324
33 130
327 43
398 24
366 433
133 201
234 498
422 151
219 198
299 360
396 403
370 250
42 451
264 71
95 210
250 186
427 131
347 266
310 399
419 408
95 310
323 295
189 404
76 292
144 311
360 394
123 3
170 279
203 158
466 219
410 54
49 33
265 351
418 12
134 309
361 183
267 273
254 160
447 187
129 334
150 196
205 253
367 437
239 230
131 272
177 31
257 101
114 496
188 336
71 399
317 445
91 225
21 56
159 373
285 306
377 408
196 87
393 250
321 181
100 452
334 289
477 210
436 305
50 260
176 234
368 215
225 391
217 49
235 381
232 229
63 205
462 287