82 91
82 91
82 91
82 91
82 91
82 91
82 91
82 91
82 91
82 91
82 91
82 91
82 91
82 91
82 91
82 91
82 91
82 91
82 91
82 91
82 91
82 91
82 91
82 91
3 18
82 91
61 35
36 96
46 31
25 88
69 77
28 40
57 74
83 69
11 81
11 14
69 55
3 27
47 41
23 28
71 95
98 78
2 90
94 6
41 96
64 80
49 38
75 45
99 62
32 72
26 90
54 57
74 1
11 23
45 5
92 85
40 97
66 39
1 79
13 22
74 68
19 59
41 23
36 63
61 7
53 57
63 5
2 19
98 22
69 0
76 25
48 90
30 36
81 69
30 10
64 28
83 92
5 82
56 48
36 17
81 38
5 35
98 43
15 88
77 58
4 12
10 73
17 19
65 23
0 30
8 72
99 85
34 38
63 69
59 77
37 72
82 91
82 91