0 0 500 500 
0 0 250 250 
0 0 125 125 
0 0 62.5 62.5 
0 0 31.25 31.25 
0 0 15.625 15.625 
0 0 7.8125 7.8125 
7.8125 0 7.8125 7.8125 
0 7.8125 7.8125 7.8125 
7.8125 7.8125 7.8125 7.8125 
7.8125 7.8125 3.90625 3.90625 
11.7188 7.8125 3.90625 3.90625 
7.8125 11.7188 3.90625 3.90625 
11.7188 11.7188 3.90625 3.90625 
15.625 0 15.625 15.625 
15.625 0 7.8125 7.8125 
23.4375 0 7.8125 7.8125 
15.625 7.8125 7.8125 7.8125 
23.4375 7.8125 7.8125 7.8125 
0 15.625 15.625 15.625 
0 15.625 7.8125 7.8125 
7.8125 15.625 7.8125 7.8125 
0 23.4375 7.8125 7.8125 
7.8125 23.4375 7.8125 7.8125 
15.625 15.625 15.625 15.625 
15.625 15.625 7.8125 7.8125 
23.4375 15.625 7.8125 7.8125 
15.625 23.4375 7.8125 7.8125 
15.625 23.4375 3.90625 3.90625 
19.5312 23.4375 3.90625 3.90625 
15.625 27.3438 3.90625 3.90625 
19.5312 27.3438 3.90625 3.90625 
23.4375 23.4375 7.8125 7.8125 
31.25 0 31.25 31.25 
31.25 0 15.625 15.625 
31.25 0 7.8125 7.8125 
39.0625 0 7.8125 7.8125 
31.25 7.8125 7.8125 7.8125 
39.0625 7.8125 7.8125 7.8125 
46.875 0 15.625 15.625 
46.875 0 7.8125 7.8125 
54.6875 0 7.8125 7.8125 
54.6875 0 3.90625 3.90625 
58.5938 0 3.90625 3.90625 
54.6875 3.90625 3.90625 3.90625 
58.5938 3.90625 3.90625 3.90625 
46.875 7.8125 7.8125 7.8125 
54.6875 7.8125 7.8125 7.8125 
31.25 15.625 15.625 15.625 
31.25 15.625 7.8125 7.8125 
39.0625 15.625 7.8125 7.8125 
31.25 23.4375 7.8125 7.8125 
39.0625 23.4375 7.8125 7.8125 
46.875 15.625 15.625 15.625 
46.875 15.625 7.8125 7.8125 
54.6875 15.625 7.8125 7.8125 
46.875 23.4375 7.8125 7.8125 
54.6875 23.4375 7.8125 7.8125 
0 31.25 31.25 31.25 
0 31.25 15.625 15.625 
0 31.25 7.8125 7.8125 
7.8125 31.25 7.8125 7.8125 
0 39.0625 7.8125 7.8125 
7.8125 39.0625 7.8125 7.8125 
15.625 31.25 15.625 15.625 
15.625 31.25 7.8125 7.8125 
23.4375 31.25 7.8125 7.8125 
15.625 39.0625 7.8125 7.8125 
23.4375 39.0625 7.8125 7.8125 
0 46.875 15.625 15.625 
0 46.875 7.8125 7.8125 
7.8125 46.875 7.8125 7.8125 
0 54.6875 7.8125 7.8125 
7.8125 54.6875 7.8125 7.8125 
15.625 46.875 15.625 15.625 
15.625 46.875 7.8125 7.8125 
23.4375 46.875 7.8125 7.8125 
15.625 54.6875 7.8125 7.8125 
23.4375 54.6875 7.8125 7.8125 
31.25 31.25 31.25 31.25 
31.25 31.25 15.625 15.625 
31.25 31.25 7.8125 7.8125 
39.0625 31.25 7.8125 7.8125 
31.25 39.0625 7.8125 7.8125 
39.0625 39.0625 7.8125 7.8125 
46.875 31.25 15.625 15.625 
46.875 31.25 7.8125 7.8125 
54.6875 31.25 7.8125 7.8125 
46.875 39.0625 7.8125 7.8125 
54.6875 39.0625 7.8125 7.8125 
31.25 46.875 15.625 15.625 
31.25 46.875 7.8125 7.8125 
39.0625 46.875 7.8125 7.8125 
31.25 54.6875 7.8125 7.8125 
39.0625 54.6875 7.8125 7.8125 
46.875 46.875 15.625 15.625 
46.875 46.875 7.8125 7.8125 
54.6875 46.875 7.8125 7.8125 
46.875 54.6875 7.8125 7.8125 
54.6875 54.6875 7.8125 7.8125 
62.5 0 62.5 62.5 
62.5 0 31.25 31.25 
62.5 0 15.625 15.625 
62.5 0 7.8125 7.8125 
70.3125 0 7.8125 7.8125 
62.5 7.8125 7.8125 7.8125 
70.3125 7.8125 7.8125 7.8125 
78.125 0 15.625 15.625 
78.125 0 7.8125 7.8125 
85.9375 0 7.8125 7.8125 
78.125 7.8125 7.8125 7.8125 
85.9375 7.8125 7.8125 7.8125 
85.9375 7.8125 3.90625 3.90625 
89.8438 7.8125 3.90625 3.90625 
85.9375 11.7188 3.90625 3.90625 
89.8438 11.7188 3.90625 3.90625 
62.5 15.625 15.625 15.625 
62.5 15.625 7.8125 7.8125 
70.3125 15.625 7.8125 7.8125 
62.5 23.4375 7.8125 7.8125 
70.3125 23.4375 7.8125 7.8125 
78.125 15.625 15.625 15.625 
78.125 15.625 7.8125 7.8125 
85.9375 15.625 7.8125 7.8125 
78.125 23.4375 7.8125 7.8125 
85.9375 23.4375 7.8125 7.8125 
93.75 0 31.25 31.25 
93.75 0 15.625 15.625 
93.75 0 7.8125 7.8125 
101.562 0 7.8125 7.8125 
93.75 7.8125 7.8125 7.8125 
101.562 7.8125 7.8125 7.8125 
109.375 0 15.625 15.625 
93.75 15.625 15.625 15.625 
93.75 15.625 7.8125 7.8125 
101.562 15.625 7.8125 7.8125 
93.75 23.4375 7.8125 7.8125 
101.562 23.4375 7.8125 7.8125 
109.375 15.625 15.625 15.625 
62.5 31.25 31.25 31.25 
62.5 31.25 15.625 15.625 
62.5 31.25 7.8125 7.8125 
70.3125 31.25 7.8125 7.8125 
62.5 39.0625 7.8125 7.8125 
70.3125 39.0625 7.8125 7.8125 
78.125 31.25 15.625 15.625 
78.125 31.25 7.8125 7.8125 
85.9375 31.25 7.8125 7.8125 
78.125 39.0625 7.8125 7.8125 
85.9375 39.0625 7.8125 7.8125 
62.5 46.875 15.625 15.625 
62.5 46.875 7.8125 7.8125 
70.3125 46.875 7.8125 7.8125 
62.5 54.6875 7.8125 7.8125 
70.3125 54.6875 7.8125 7.8125 
78.125 46.875 15.625 15.625 
78.125 46.875 7.8125 7.8125 
85.9375 46.875 7.8125 7.8125 
78.125 54.6875 7.8125 7.8125 
85.9375 54.6875 7.8125 7.8125 
93.75 31.25 31.25 31.25 
93.75 31.25 15.625 15.625 
93.75 31.25 7.8125 7.8125 
101.562 31.25 7.8125 7.8125 
93.75 39.0625 7.8125 7.8125 
101.562 39.0625 7.8125 7.8125 
109.375 31.25 15.625 15.625 
93.75 46.875 15.625 15.625 
93.75 46.875 7.8125 7.8125 
101.562 46.875 7.8125 7.8125 
93.75 54.6875 7.8125 7.8125 
101.562 54.6875 7.8125 7.8125 
109.375 46.875 15.625 15.625 
0 62.5 62.5 62.5 
0 62.5 31.25 31.25 
0 62.5 15.625 15.625 
0 62.5 7.8125 7.8125 
7.8125 62.5 7.8125 7.8125 
0 70.3125 7.8125 7.8125 
7.8125 70.3125 7.8125 7.8125 
15.625 62.5 15.625 15.625 
15.625 62.5 7.8125 7.8125 
23.4375 62.5 7.8125 7.8125 
15.625 70.3125 7.8125 7.8125 
23.4375 70.3125 7.8125 7.8125 
0 78.125 15.625 15.625 
0 78.125 7.8125 7.8125 
7.8125 78.125 7.8125 7.8125 
0 85.9375 7.8125 7.8125 
7.8125 85.9375 7.8125 7.8125 
15.625 78.125 15.625 15.625 
15.625 78.125 7.8125 7.8125 
23.4375 78.125 7.8125 7.8125 
15.625 85.9375 7.8125 7.8125 
23.4375 85.9375 7.8125 7.8125 
31.25 62.5 31.25 31.25 
31.25 62.5 15.625 15.625 
31.25 62.5 7.8125 7.8125 
31.25 62.5 3.90625 3.90625 
35.1562 62.5 3.90625 3.90625 
31.25 66.4062 3.90625 3.90625 
35.1562 66.4062 3.90625 3.90625 
39.0625 62.5 7.8125 7.8125 
31.25 70.3125 7.8125 7.8125 
39.0625 70.3125 7.8125 7.8125 
46.875 62.5 15.625 15.625 
46.875 62.5 7.8125 7.8125 
46.875 62.5 3.90625 3.90625 
50.7812 62.5 3.90625 3.90625 
46.875 66.4062 3.90625 3.90625 
50.7812 66.4062 3.90625 3.90625 
54.6875 62.5 7.8125 7.8125 
46.875 70.3125 7.8125 7.8125 
54.6875 70.3125 7.8125 7.8125 
31.25 78.125 15.625 15.625 
31.25 78.125 7.8125 7.8125 
39.0625 78.125 7.8125 7.8125 
31.25 85.9375 7.8125 7.8125 
39.0625 85.9375 7.8125 7.8125 
46.875 78.125 15.625 15.625 
46.875 78.125 7.8125 7.8125 
54.6875 78.125 7.8125 7.8125 
46.875 85.9375 7.8125 7.8125 
54.6875 85.9375 7.8125 7.8125 
0 93.75 31.25 31.25 
0 93.75 15.625 15.625 
0 93.75 7.8125 7.8125 
7.8125 93.75 7.8125 7.8125 
0 101.562 7.8125 7.8125 
7.8125 101.562 7.8125 7.8125 
15.625 93.75 15.625 15.625 
15.625 93.75 7.8125 7.8125 
23.4375 93.75 7.8125 7.8125 
15.625 101.562 7.8125 7.8125 
23.4375 101.562 7.8125 7.8125 
0 109.375 15.625 15.625 
15.625 109.375 15.625 15.625 
31.25 93.75 31.25 31.25 
31.25 93.75 15.625 15.625 
31.25 93.75 7.8125 7.8125 
39.0625 93.75 7.8125 7.8125 
31.25 101.562 7.8125 7.8125 
39.0625 101.562 7.8125 7.8125 
46.875 93.75 15.625 15.625 
46.875 93.75 7.8125 7.8125 
54.6875 93.75 7.8125 7.8125 
46.875 101.562 7.8125 7.8125 
54.6875 101.562 7.8125 7.8125 
31.25 109.375 15.625 15.625 
46.875 109.375 15.625 15.625 
62.5 62.5 62.5 62.5 
62.5 62.5 31.25 31.25 
62.5 62.5 15.625 15.625 
62.5 62.5 7.8125 7.8125 
70.3125 62.5 7.8125 7.8125 
62.5 70.3125 7.8125 7.8125 
70.3125 70.3125 7.8125 7.8125 
78.125 62.5 15.625 15.625 
78.125 62.5 7.8125 7.8125 
85.9375 62.5 7.8125 7.8125 
78.125 70.3125 7.8125 7.8125 
85.9375 70.3125 7.8125 7.8125 
62.5 78.125 15.625 15.625 
62.5 78.125 7.8125 7.8125 
70.3125 78.125 7.8125 7.8125 
62.5 85.9375 7.8125 7.8125 
70.3125 85.9375 7.8125 7.8125 
78.125 78.125 15.625 15.625 
78.125 78.125 7.8125 7.8125 
85.9375 78.125 7.8125 7.8125 
78.125 85.9375 7.8125 7.8125 
85.9375 85.9375 7.8125 7.8125 
85.9375 85.9375 3.90625 3.90625 
89.8438 85.9375 3.90625 3.90625 
85.9375 89.8438 3.90625 3.90625 
89.8438 89.8438 3.90625 3.90625 
93.75 62.5 31.25 31.25 
93.75 62.5 15.625 15.625 
93.75 62.5 7.8125 7.8125 
101.562 62.5 7.8125 7.8125 
93.75 70.3125 7.8125 7.8125 
101.562 70.3125 7.8125 7.8125 
109.375 62.5 15.625 15.625 
93.75 78.125 15.625 15.625 
109.375 78.125 15.625 15.625 
62.5 93.75 31.25 31.25 
62.5 93.75 15.625 15.625 
62.5 93.75 7.8125 7.8125 
70.3125 93.75 7.8125 7.8125 
62.5 101.562 7.8125 7.8125 
70.3125 101.562 7.8125 7.8125 
78.125 93.75 15.625 15.625 
78.125 93.75 7.8125 7.8125 
85.9375 93.75 7.8125 7.8125 
78.125 101.562 7.8125 7.8125 
85.9375 101.562 7.8125 7.8125 
62.5 109.375 15.625 15.625 
78.125 109.375 15.625 15.625 
93.75 93.75 31.25 31.25 
93.75 93.75 15.625 15.625 
109.375 93.75 15.625 15.625 
93.75 109.375 15.625 15.625 
109.375 109.375 15.625 15.625 
125 0 125 125 
125 0 62.5 62.5 
125 0 31.25 31.25 
125 0 15.625 15.625 
140.625 0 15.625 15.625 
125 15.625 15.625 15.625 
140.625 15.625 15.625 15.625 
156.25 0 31.25 31.25 
156.25 0 15.625 15.625 
171.875 0 15.625 15.625 
156.25 15.625 15.625 15.625 
171.875 15.625 15.625 15.625 
125 31.25 31.25 31.25 
125 31.25 15.625 15.625 
140.625 31.25 15.625 15.625 
125 46.875 15.625 15.625 
140.625 46.875 15.625 15.625 
156.25 31.25 31.25 31.25 
156.25 31.25 15.625 15.625 
171.875 31.25 15.625 15.625 
156.25 46.875 15.625 15.625 
171.875 46.875 15.625 15.625 
187.5 0 62.5 62.5 
187.5 0 31.25 31.25 
187.5 0 15.625 15.625 
203.125 0 15.625 15.625 
187.5 15.625 15.625 15.625 
203.125 15.625 15.625 15.625 
218.75 0 31.25 31.25 
218.75 0 15.625 15.625 
234.375 0 15.625 15.625 
218.75 15.625 15.625 15.625 
234.375 15.625 15.625 15.625 
187.5 31.25 31.25 31.25 
187.5 31.25 15.625 15.625 
203.125 31.25 15.625 15.625 
187.5 46.875 15.625 15.625 
203.125 46.875 15.625 15.625 
218.75 31.25 31.25 31.25 
218.75 31.25 15.625 15.625 
234.375 31.25 15.625 15.625 
218.75 46.875 15.625 15.625 
234.375 46.875 15.625 15.625 
125 62.5 62.5 62.5 
125 62.5 31.25 31.25 
125 62.5 15.625 15.625 
140.625 62.5 15.625 15.625 
125 78.125 15.625 15.625 
140.625 78.125 15.625 15.625 
156.25 62.5 31.25 31.25 
156.25 62.5 15.625 15.625 
171.875 62.5 15.625 15.625 
156.25 78.125 15.625 15.625 
171.875 78.125 15.625 15.625 
125 93.75 31.25 31.25 
125 93.75 15.625 15.625 
140.625 93.75 15.625 15.625 
125 109.375 15.625 15.625 
140.625 109.375 15.625 15.625 
156.25 93.75 31.25 31.25 
156.25 93.75 15.625 15.625 
171.875 93.75 15.625 15.625 
156.25 109.375 15.625 15.625 
171.875 109.375 15.625 15.625 
187.5 62.5 62.5 62.5 
187.5 62.5 31.25 31.25 
187.5 62.5 15.625 15.625 
203.125 62.5 15.625 15.625 
187.5 78.125 15.625 15.625 
203.125 78.125 15.625 15.625 
218.75 62.5 31.25 31.25 
218.75 62.5 15.625 15.625 
234.375 62.5 15.625 15.625 
218.75 78.125 15.625 15.625 
234.375 78.125 15.625 15.625 
187.5 93.75 31.25 31.25 
187.5 93.75 15.625 15.625 
203.125 93.75 15.625 15.625 
187.5 109.375 15.625 15.625 
203.125 109.375 15.625 15.625 
218.75 93.75 31.25 31.25 
218.75 93.75 15.625 15.625 
234.375 93.75 15.625 15.625 
218.75 109.375 15.625 15.625 
234.375 109.375 15.625 15.625 
0 125 125 125 
0 125 62.5 62.5 
0 125 31.25 31.25 
0 125 15.625 15.625 
15.625 125 15.625 15.625 
0 140.625 15.625 15.625 
15.625 140.625 15.625 15.625 
31.25 125 31.25 31.25 
31.25 125 15.625 15.625 
46.875 125 15.625 15.625 
31.25 140.625 15.625 15.625 
46.875 140.625 15.625 15.625 
0 156.25 31.25 31.25 
0 156.25 15.625 15.625 
15.625 156.25 15.625 15.625 
0 171.875 15.625 15.625 
15.625 171.875 15.625 15.625 
31.25 156.25 31.25 31.25 
31.25 156.25 15.625 15.625 
46.875 156.25 15.625 15.625 
31.25 171.875 15.625 15.625 
46.875 171.875 15.625 15.625 
62.5 125 62.5 62.5 
62.5 125 31.25 31.25 
62.5 125 15.625 15.625 
78.125 125 15.625 15.625 
62.5 140.625 15.625 15.625 
78.125 140.625 15.625 15.625 
93.75 125 31.25 31.25 
93.75 125 15.625 15.625 
109.375 125 15.625 15.625 
93.75 140.625 15.625 15.625 
109.375 140.625 15.625 15.625 
62.5 156.25 31.25 31.25 
62.5 156.25 15.625 15.625 
78.125 156.25 15.625 15.625 
78.125 156.25 7.8125 7.8125 
85.9375 156.25 7.8125 7.8125 
78.125 164.062 7.8125 7.8125 
85.9375 164.062 7.8125 7.8125 
62.5 171.875 15.625 15.625 
78.125 171.875 15.625 15.625 
93.75 156.25 31.25 31.25 
93.75 156.25 15.625 15.625 
109.375 156.25 15.625 15.625 
93.75 171.875 15.625 15.625 
109.375 171.875 15.625 15.625 
0 187.5 62.5 62.5 
0 187.5 31.25 31.25 
0 187.5 15.625 15.625 
15.625 187.5 15.625 15.625 
0 203.125 15.625 15.625 
15.625 203.125 15.625 15.625 
31.25 187.5 31.25 31.25 
31.25 187.5 15.625 15.625 
46.875 187.5 15.625 15.625 
31.25 203.125 15.625 15.625 
46.875 203.125 15.625 15.625 
0 218.75 31.25 31.25 
0 218.75 15.625 15.625 
15.625 218.75 15.625 15.625 
0 234.375 15.625 15.625 
15.625 234.375 15.625 15.625 
31.25 218.75 31.25 31.25 
31.25 218.75 15.625 15.625 
46.875 218.75 15.625 15.625 
31.25 234.375 15.625 15.625 
46.875 234.375 15.625 15.625 
62.5 187.5 62.5 62.5 
62.5 187.5 31.25 31.25 
62.5 187.5 15.625 15.625 
78.125 187.5 15.625 15.625 
62.5 203.125 15.625 15.625 
78.125 203.125 15.625 15.625 
93.75 187.5 31.25 31.25 
93.75 187.5 15.625 15.625 
109.375 187.5 15.625 15.625 
93.75 203.125 15.625 15.625 
109.375 203.125 15.625 15.625 
62.5 218.75 31.25 31.25 
62.5 218.75 15.625 15.625 
78.125 218.75 15.625 15.625 
62.5 234.375 15.625 15.625 
78.125 234.375 15.625 15.625 
93.75 218.75 31.25 31.25 
93.75 218.75 15.625 15.625 
109.375 218.75 15.625 15.625 
93.75 234.375 15.625 15.625 
109.375 234.375 15.625 15.625 
125 125 125 125 
125 125 62.5 62.5 
125 125 31.25 31.25 
125 125 15.625 15.625 
140.625 125 15.625 15.625 
125 140.625 15.625 15.625 
140.625 140.625 15.625 15.625 
156.25 125 31.25 31.25 
156.25 125 15.625 15.625 
171.875 125 15.625 15.625 
156.25 140.625 15.625 15.625 
171.875 140.625 15.625 15.625 
125 156.25 31.25 31.25 
125 156.25 15.625 15.625 
140.625 156.25 15.625 15.625 
125 171.875 15.625 15.625 
140.625 171.875 15.625 15.625 
156.25 156.25 31.25 31.25 
156.25 156.25 15.625 15.625 
171.875 156.25 15.625 15.625 
156.25 171.875 15.625 15.625 
171.875 171.875 15.625 15.625 
187.5 125 62.5 62.5 
187.5 125 31.25 31.25 
187.5 125 15.625 15.625 
203.125 125 15.625 15.625 
187.5 140.625 15.625 15.625 
203.125 140.625 15.625 15.625 
218.75 125 31.25 31.25 
218.75 125 15.625 15.625 
234.375 125 15.625 15.625 
218.75 140.625 15.625 15.625 
234.375 140.625 15.625 15.625 
187.5 156.25 31.25 31.25 
187.5 156.25 15.625 15.625 
203.125 156.25 15.625 15.625 
187.5 171.875 15.625 15.625 
203.125 171.875 15.625 15.625 
218.75 156.25 31.25 31.25 
218.75 156.25 15.625 15.625 
234.375 156.25 15.625 15.625 
218.75 171.875 15.625 15.625 
234.375 171.875 15.625 15.625 
125 187.5 62.5 62.5 
125 187.5 31.25 31.25 
125 187.5 15.625 15.625 
140.625 187.5 15.625 15.625 
125 203.125 15.625 15.625 
140.625 203.125 15.625 15.625 
156.25 187.5 31.25 31.25 
156.25 187.5 15.625 15.625 
171.875 187.5 15.625 15.625 
156.25 203.125 15.625 15.625 
171.875 203.125 15.625 15.625 
125 218.75 31.25 31.25 
125 218.75 15.625 15.625 
140.625 218.75 15.625 15.625 
125 234.375 15.625 15.625 
140.625 234.375 15.625 15.625 
156.25 218.75 31.25 31.25 
156.25 218.75 15.625 15.625 
171.875 218.75 15.625 15.625 
156.25 234.375 15.625 15.625 
171.875 234.375 15.625 15.625 
187.5 187.5 62.5 62.5 
187.5 187.5 31.25 31.25 
187.5 187.5 15.625 15.625 
203.125 187.5 15.625 15.625 
187.5 203.125 15.625 15.625 
203.125 203.125 15.625 15.625 
218.75 187.5 31.25 31.25 
218.75 187.5 15.625 15.625 
234.375 187.5 15.625 15.625 
218.75 203.125 15.625 15.625 
234.375 203.125 15.625 15.625 
187.5 218.75 31.25 31.25 
187.5 218.75 15.625 15.625 
203.125 218.75 15.625 15.625 
187.5 234.375 15.625 15.625 
203.125 234.375 15.625 15.625 
218.75 218.75 31.25 31.25 
218.75 218.75 15.625 15.625 
234.375 218.75 15.625 15.625 
218.75 234.375 15.625 15.625 
234.375 234.375 15.625 15.625 
250 0 250 250 
250 0 125 125 
250 0 62.5 62.5 
250 0 31.25 31.25 
250 0 15.625 15.625 
265.625 0 15.625 15.625 
250 15.625 15.625 15.625 
265.625 15.625 15.625 15.625 
281.25 0 31.25 31.25 
281.25 0 15.625 15.625 
296.875 0 15.625 15.625 
281.25 15.625 15.625 15.625 
296.875 15.625 15.625 15.625 
250 31.25 31.25 31.25 
250 31.25 15.625 15.625 
265.625 31.25 15.625 15.625 
250 46.875 15.625 15.625 
265.625 46.875 15.625 15.625 
281.25 31.25 31.25 31.25 
281.25 31.25 15.625 15.625 
296.875 31.25 15.625 15.625 
281.25 46.875 15.625 15.625 
296.875 46.875 15.625 15.625 
312.5 0 62.5 62.5 
312.5 0 31.25 31.25 
343.75 0 31.25 31.25 
312.5 31.25 31.25 31.25 
312.5 31.25 15.625 15.625 
328.125 31.25 15.625 15.625 
312.5 46.875 15.625 15.625 
328.125 46.875 15.625 15.625 
343.75 31.25 31.25 31.25 
343.75 31.25 15.625 15.625 
359.375 31.25 15.625 15.625 
343.75 46.875 15.625 15.625 
359.375 46.875 15.625 15.625 
250 62.5 62.5 62.5 
250 62.5 31.25 31.25 
250 62.5 15.625 15.625 
265.625 62.5 15.625 15.625 
250 78.125 15.625 15.625 
265.625 78.125 15.625 15.625 
281.25 62.5 31.25 31.25 
281.25 62.5 15.625 15.625 
296.875 62.5 15.625 15.625 
281.25 78.125 15.625 15.625 
296.875 78.125 15.625 15.625 
250 93.75 31.25 31.25 
250 93.75 15.625 15.625 
265.625 93.75 15.625 15.625 
250 109.375 15.625 15.625 
265.625 109.375 15.625 15.625 
281.25 93.75 31.25 31.25 
281.25 93.75 15.625 15.625 
296.875 93.75 15.625 15.625 
281.25 109.375 15.625 15.625 
296.875 109.375 15.625 15.625 
312.5 62.5 62.5 62.5 
312.5 62.5 31.25 31.25 
343.75 62.5 31.25 31.25 
343.75 62.5 15.625 15.625 
359.375 62.5 15.625 15.625 
343.75 78.125 15.625 15.625 
359.375 78.125 15.625 15.625 
312.5 93.75 31.25 31.25 
312.5 93.75 15.625 15.625 
328.125 93.75 15.625 15.625 
312.5 109.375 15.625 15.625 
328.125 109.375 15.625 15.625 
343.75 93.75 31.25 31.25 
343.75 93.75 15.625 15.625 
359.375 93.75 15.625 15.625 
343.75 109.375 15.625 15.625 
359.375 109.375 15.625 15.625 
375 0 125 125 
375 0 62.5 62.5 
375 0 31.25 31.25 
375 0 15.625 15.625 
390.625 0 15.625 15.625 
375 15.625 15.625 15.625 
390.625 15.625 15.625 15.625 
406.25 0 31.25 31.25 
406.25 0 15.625 15.625 
421.875 0 15.625 15.625 
406.25 15.625 15.625 15.625 
421.875 15.625 15.625 15.625 
375 31.25 31.25 31.25 
406.25 31.25 31.25 31.25 
406.25 31.25 15.625 15.625 
421.875 31.25 15.625 15.625 
406.25 46.875 15.625 15.625 
421.875 46.875 15.625 15.625 
437.5 0 62.5 62.5 
437.5 0 31.25 31.25 
437.5 0 15.625 15.625 
453.125 0 15.625 15.625 
437.5 15.625 15.625 15.625 
453.125 15.625 15.625 15.625 
468.75 0 31.25 31.25 
468.75 0 15.625 15.625 
484.375 0 15.625 15.625 
468.75 15.625 15.625 15.625 
484.375 15.625 15.625 15.625 
437.5 31.25 31.25 31.25 
437.5 31.25 15.625 15.625 
453.125 31.25 15.625 15.625 
437.5 46.875 15.625 15.625 
453.125 46.875 15.625 15.625 
468.75 31.25 31.25 31.25 
375 62.5 62.5 62.5 
375 62.5 31.25 31.25 
375 62.5 15.625 15.625 
390.625 62.5 15.625 15.625 
375 78.125 15.625 15.625 
390.625 78.125 15.625 15.625 
406.25 62.5 31.25 31.25 
406.25 62.5 15.625 15.625 
421.875 62.5 15.625 15.625 
406.25 78.125 15.625 15.625 
421.875 78.125 15.625 15.625 
375 93.75 31.25 31.25 
375 93.75 15.625 15.625 
390.625 93.75 15.625 15.625 
375 109.375 15.625 15.625 
390.625 109.375 15.625 15.625 
406.25 93.75 31.25 31.25 
437.5 62.5 62.5 62.5 
437.5 62.5 31.25 31.25 
437.5 62.5 15.625 15.625 
453.125 62.5 15.625 15.625 
437.5 78.125 15.625 15.625 
453.125 78.125 15.625 15.625 
468.75 62.5 31.25 31.25 
437.5 93.75 31.25 31.25 
437.5 93.75 15.625 15.625 
453.125 93.75 15.625 15.625 
437.5 109.375 15.625 15.625 
453.125 109.375 15.625 15.625 
468.75 93.75 31.25 31.25 
250 125 125 125 
250 125 62.5 62.5 
250 125 31.25 31.25 
250 125 15.625 15.625 
265.625 125 15.625 15.625 
250 140.625 15.625 15.625 
265.625 140.625 15.625 15.625 
281.25 125 31.25 31.25 
281.25 125 15.625 15.625 
296.875 125 15.625 15.625 
281.25 140.625 15.625 15.625 
296.875 140.625 15.625 15.625 
250 156.25 31.25 31.25 
250 156.25 15.625 15.625 
265.625 156.25 15.625 15.625 
250 171.875 15.625 15.625 
265.625 171.875 15.625 15.625 
281.25 156.25 31.25 31.25 
281.25 156.25 15.625 15.625 
296.875 156.25 15.625 15.625 
281.25 171.875 15.625 15.625 
296.875 171.875 15.625 15.625 
312.5 125 62.5 62.5 
312.5 125 31.25 31.25 
312.5 125 15.625 15.625 
328.125 125 15.625 15.625 
312.5 140.625 15.625 15.625 
328.125 140.625 15.625 15.625 
343.75 125 31.25 31.25 
312.5 156.25 31.25 31.25 
343.75 156.25 31.25 31.25 
343.75 156.25 15.625 15.625 
359.375 156.25 15.625 15.625 
343.75 171.875 15.625 15.625 
359.375 171.875 15.625 15.625 
250 187.5 62.5 62.5 
250 187.5 31.25 31.25 
250 187.5 15.625 15.625 
265.625 187.5 15.625 15.625 
250 203.125 15.625 15.625 
265.625 203.125 15.625 15.625 
281.25 187.5 31.25 31.25 
281.25 187.5 15.625 15.625 
296.875 187.5 15.625 15.625 
281.25 203.125 15.625 15.625 
296.875 203.125 15.625 15.625 
250 218.75 31.25 31.25 
250 218.75 15.625 15.625 
265.625 218.75 15.625 15.625 
250 234.375 15.625 15.625 
265.625 234.375 15.625 15.625 
281.25 218.75 31.25 31.25 
281.25 218.75 15.625 15.625 
296.875 218.75 15.625 15.625 
281.25 234.375 15.625 15.625 
296.875 234.375 15.625 15.625 
312.5 187.5 62.5 62.5 
312.5 187.5 31.25 31.25 
312.5 187.5 15.625 15.625 
328.125 187.5 15.625 15.625 
312.5 203.125 15.625 15.625 
328.125 203.125 15.625 15.625 
343.75 187.5 31.25 31.25 
343.75 187.5 15.625 15.625 
359.375 187.5 15.625 15.625 
343.75 203.125 15.625 15.625 
359.375 203.125 15.625 15.625 
312.5 218.75 31.25 31.25 
312.5 218.75 15.625 15.625 
328.125 218.75 15.625 15.625 
312.5 234.375 15.625 15.625 
328.125 234.375 15.625 15.625 
343.75 218.75 31.25 31.25 
343.75 218.75 15.625 15.625 
359.375 218.75 15.625 15.625 
343.75 234.375 15.625 15.625 
359.375 234.375 15.625 15.625 
375 125 125 125 
375 125 62.5 62.5 
375 125 31.25 31.25 
375 125 15.625 15.625 
390.625 125 15.625 15.625 
375 140.625 15.625 15.625 
390.625 140.625 15.625 15.625 
406.25 125 31.25 31.25 
406.25 125 15.625 15.625 
421.875 125 15.625 15.625 
406.25 140.625 15.625 15.625 
421.875 140.625 15.625 15.625 
375 156.25 31.25 31.25 
406.25 156.25 31.25 31.25 
406.25 156.25 15.625 15.625 
421.875 156.25 15.625 15.625 
406.25 171.875 15.625 15.625 
421.875 171.875 15.625 15.625 
437.5 125 62.5 62.5 
437.5 125 31.25 31.25 
468.75 125 31.25 31.25 
468.75 125 15.625 15.625 
484.375 125 15.625 15.625 
468.75 140.625 15.625 15.625 
484.375 140.625 15.625 15.625 
437.5 156.25 31.25 31.25 
437.5 156.25 15.625 15.625 
453.125 156.25 15.625 15.625 
437.5 171.875 15.625 15.625 
453.125 171.875 15.625 15.625 
468.75 156.25 31.25 31.25 
375 187.5 62.5 62.5 
375 187.5 31.25 31.25 
406.25 187.5 31.25 31.25 
406.25 187.5 15.625 15.625 
421.875 187.5 15.625 15.625 
406.25 203.125 15.625 15.625 
421.875 203.125 15.625 15.625 
375 218.75 31.25 31.25 
375 218.75 15.625 15.625 
390.625 218.75 15.625 15.625 
375 234.375 15.625 15.625 
390.625 234.375 15.625 15.625 
406.25 218.75 31.25 31.25 
406.25 218.75 15.625 15.625 
421.875 218.75 15.625 15.625 
406.25 234.375 15.625 15.625 
421.875 234.375 15.625 15.625 
437.5 187.5 62.5 62.5 
437.5 187.5 31.25 31.25 
468.75 187.5 31.25 31.25 
468.75 187.5 15.625 15.625 
484.375 187.5 15.625 15.625 
468.75 203.125 15.625 15.625 
484.375 203.125 15.625 15.625 
437.5 218.75 31.25 31.25 
468.75 218.75 31.25 31.25 
468.75 218.75 15.625 15.625 
484.375 218.75 15.625 15.625 
468.75 234.375 15.625 15.625 
484.375 234.375 15.625 15.625 
0 250 250 250 
0 250 125 125 
0 250 62.5 62.5 
0 250 31.25 31.25 
0 250 15.625 15.625 
15.625 250 15.625 15.625 
0 265.625 15.625 15.625 
15.625 265.625 15.625 15.625 
31.25 250 31.25 31.25 
31.25 250 15.625 15.625 
46.875 250 15.625 15.625 
31.25 265.625 15.625 15.625 
46.875 265.625 15.625 15.625 
0 281.25 31.25 31.25 
0 281.25 15.625 15.625 
15.625 281.25 15.625 15.625 
0 296.875 15.625 15.625 
15.625 296.875 15.625 15.625 
31.25 281.25 31.25 31.25 
31.25 281.25 15.625 15.625 
46.875 281.25 15.625 15.625 
31.25 296.875 15.625 15.625 
46.875 296.875 15.625 15.625 
62.5 250 62.5 62.5 
62.5 250 31.25 31.25 
62.5 250 15.625 15.625 
78.125 250 15.625 15.625 
62.5 265.625 15.625 15.625 
78.125 265.625 15.625 15.625 
93.75 250 31.25 31.25 
93.75 250 15.625 15.625 
109.375 250 15.625 15.625 
93.75 265.625 15.625 15.625 
109.375 265.625 15.625 15.625 
62.5 281.25 31.25 31.25 
62.5 281.25 15.625 15.625 
78.125 281.25 15.625 15.625 
62.5 296.875 15.625 15.625 
78.125 296.875 15.625 15.625 
93.75 281.25 31.25 31.25 
93.75 281.25 15.625 15.625 
109.375 281.25 15.625 15.625 
93.75 296.875 15.625 15.625 
109.375 296.875 15.625 15.625 
0 312.5 62.5 62.5 
0 312.5 31.25 31.25 
0 312.5 15.625 15.625 
15.625 312.5 15.625 15.625 
0 328.125 15.625 15.625 
15.625 328.125 15.625 15.625 
31.25 312.5 31.25 31.25 
31.25 312.5 15.625 15.625 
46.875 312.5 15.625 15.625 
31.25 328.125 15.625 15.625 
46.875 328.125 15.625 15.625 
0 343.75 31.25 31.25 
0 343.75 15.625 15.625 
15.625 343.75 15.625 15.625 
0 359.375 15.625 15.625 
15.625 359.375 15.625 15.625 
31.25 343.75 31.25 31.25 
31.25 343.75 15.625 15.625 
46.875 343.75 15.625 15.625 
31.25 359.375 15.625 15.625 
46.875 359.375 15.625 15.625 
62.5 312.5 62.5 62.5 
62.5 312.5 31.25 31.25 
62.5 312.5 15.625 15.625 
78.125 312.5 15.625 15.625 
62.5 328.125 15.625 15.625 
78.125 328.125 15.625 15.625 
93.75 312.5 31.25 31.25 
93.75 312.5 15.625 15.625 
109.375 312.5 15.625 15.625 
93.75 328.125 15.625 15.625 
109.375 328.125 15.625 15.625 
62.5 343.75 31.25 31.25 
62.5 343.75 15.625 15.625 
78.125 343.75 15.625 15.625 
62.5 359.375 15.625 15.625 
78.125 359.375 15.625 15.625 
93.75 343.75 31.25 31.25 
93.75 343.75 15.625 15.625 
109.375 343.75 15.625 15.625 
93.75 359.375 15.625 15.625 
109.375 359.375 15.625 15.625 
125 250 125 125 
125 250 62.5 62.5 
125 250 31.25 31.25 
125 250 15.625 15.625 
140.625 250 15.625 15.625 
125 265.625 15.625 15.625 
140.625 265.625 15.625 15.625 
156.25 250 31.25 31.25 
156.25 250 15.625 15.625 
171.875 250 15.625 15.625 
156.25 265.625 15.625 15.625 
171.875 265.625 15.625 15.625 
125 281.25 31.25 31.25 
125 281.25 15.625 15.625 
140.625 281.25 15.625 15.625 
125 296.875 15.625 15.625 
140.625 296.875 15.625 15.625 
156.25 281.25 31.25 31.25 
156.25 281.25 15.625 15.625 
171.875 281.25 15.625 15.625 
156.25 296.875 15.625 15.625 
171.875 296.875 15.625 15.625 
187.5 250 62.5 62.5 
187.5 250 31.25 31.25 
187.5 250 15.625 15.625 
203.125 250 15.625 15.625 
187.5 265.625 15.625 15.625 
203.125 265.625 15.625 15.625 
218.75 250 31.25 31.25 
218.75 250 15.625 15.625 
234.375 250 15.625 15.625 
218.75 265.625 15.625 15.625 
234.375 265.625 15.625 15.625 
187.5 281.25 31.25 31.25 
187.5 281.25 15.625 15.625 
203.125 281.25 15.625 15.625 
187.5 296.875 15.625 15.625 
203.125 296.875 15.625 15.625 
218.75 281.25 31.25 31.25 
218.75 281.25 15.625 15.625 
234.375 281.25 15.625 15.625 
218.75 296.875 15.625 15.625 
234.375 296.875 15.625 15.625 
125 312.5 62.5 62.5 
125 312.5 31.25 31.25 
125 312.5 15.625 15.625 
140.625 312.5 15.625 15.625 
125 328.125 15.625 15.625 
140.625 328.125 15.625 15.625 
156.25 312.5 31.25 31.25 
156.25 312.5 15.625 15.625 
171.875 312.5 15.625 15.625 
156.25 328.125 15.625 15.625 
171.875 328.125 15.625 15.625 
125 343.75 31.25 31.25 
125 343.75 15.625 15.625 
140.625 343.75 15.625 15.625 
125 359.375 15.625 15.625 
140.625 359.375 15.625 15.625 
156.25 343.75 31.25 31.25 
156.25 343.75 15.625 15.625 
171.875 343.75 15.625 15.625 
156.25 359.375 15.625 15.625 
171.875 359.375 15.625 15.625 
187.5 312.5 62.5 62.5 
187.5 312.5 31.25 31.25 
187.5 312.5 15.625 15.625 
203.125 312.5 15.625 15.625 
187.5 328.125 15.625 15.625 
203.125 328.125 15.625 15.625 
218.75 312.5 31.25 31.25 
218.75 312.5 15.625 15.625 
234.375 312.5 15.625 15.625 
218.75 328.125 15.625 15.625 
234.375 328.125 15.625 15.625 
187.5 343.75 31.25 31.25 
187.5 343.75 15.625 15.625 
203.125 343.75 15.625 15.625 
187.5 359.375 15.625 15.625 
203.125 359.375 15.625 15.625 
218.75 343.75 31.25 31.25 
218.75 343.75 15.625 15.625 
234.375 343.75 15.625 15.625 
218.75 359.375 15.625 15.625 
234.375 359.375 15.625 15.625 
0 375 125 125 
0 375 62.5 62.5 
0 375 31.25 31.25 
0 375 15.625 15.625 
15.625 375 15.625 15.625 
0 390.625 15.625 15.625 
15.625 390.625 15.625 15.625 
31.25 375 31.25 31.25 
31.25 375 15.625 15.625 
46.875 375 15.625 15.625 
31.25 390.625 15.625 15.625 
46.875 390.625 15.625 15.625 
0 406.25 31.25 31.25 
0 406.25 15.625 15.625 
15.625 406.25 15.625 15.625 
0 421.875 15.625 15.625 
15.625 421.875 15.625 15.625 
31.25 406.25 31.25 31.25 
31.25 406.25 15.625 15.625 
46.875 406.25 15.625 15.625 
31.25 421.875 15.625 15.625 
46.875 421.875 15.625 15.625 
62.5 375 62.5 62.5 
62.5 375 31.25 31.25 
62.5 375 15.625 15.625 
78.125 375 15.625 15.625 
62.5 390.625 15.625 15.625 
78.125 390.625 15.625 15.625 
93.75 375 31.25 31.25 
93.75 375 15.625 15.625 
109.375 375 15.625 15.625 
93.75 390.625 15.625 15.625 
109.375 390.625 15.625 15.625 
62.5 406.25 31.25 31.25 
62.5 406.25 15.625 15.625 
78.125 406.25 15.625 15.625 
62.5 421.875 15.625 15.625 
78.125 421.875 15.625 15.625 
93.75 406.25 31.25 31.25 
0 437.5 62.5 62.5 
0 437.5 31.25 31.25 
31.25 437.5 31.25 31.25 
31.25 437.5 15.625 15.625 
46.875 437.5 15.625 15.625 
31.25 453.125 15.625 15.625 
46.875 453.125 15.625 15.625 
0 468.75 31.25 31.25 
0 468.75 15.625 15.625 
15.625 468.75 15.625 15.625 
0 484.375 15.625 15.625 
15.625 484.375 15.625 15.625 
31.25 468.75 31.25 31.25 
62.5 437.5 62.5 62.5 
62.5 437.5 31.25 31.25 
62.5 437.5 15.625 15.625 
78.125 437.5 15.625 15.625 
62.5 453.125 15.625 15.625 
78.125 453.125 15.625 15.625 
93.75 437.5 31.25 31.25 
93.75 437.5 15.625 15.625 
109.375 437.5 15.625 15.625 
93.75 453.125 15.625 15.625 
109.375 453.125 15.625 15.625 
62.5 468.75 31.25 31.25 
93.75 468.75 31.25 31.25 
93.75 468.75 15.625 15.625 
109.375 468.75 15.625 15.625 
93.75 484.375 15.625 15.625 
109.375 484.375 15.625 15.625 
125 375 125 125 
125 375 62.5 62.5 
125 375 31.25 31.25 
125 375 15.625 15.625 
140.625 375 15.625 15.625 
125 390.625 15.625 15.625 
140.625 390.625 15.625 15.625 
156.25 375 31.25 31.25 
156.25 375 15.625 15.625 
171.875 375 15.625 15.625 
156.25 390.625 15.625 15.625 
171.875 390.625 15.625 15.625 
125 406.25 31.25 31.25 
125 406.25 15.625 15.625 
140.625 406.25 15.625 15.625 
125 421.875 15.625 15.625 
140.625 421.875 15.625 15.625 
156.25 406.25 31.25 31.25 
187.5 375 62.5 62.5 
187.5 375 31.25 31.25 
187.5 375 15.625 15.625 
203.125 375 15.625 15.625 
187.5 390.625 15.625 15.625 
203.125 390.625 15.625 15.625 
218.75 375 31.25 31.25 
218.75 375 15.625 15.625 
234.375 375 15.625 15.625 
218.75 390.625 15.625 15.625 
234.375 390.625 15.625 15.625 
187.5 406.25 31.25 31.25 
218.75 406.25 31.25 31.25 
218.75 406.25 15.625 15.625 
234.375 406.25 15.625 15.625 
218.75 421.875 15.625 15.625 
234.375 421.875 15.625 15.625 
125 437.5 62.5 62.5 
125 437.5 31.25 31.25 
125 437.5 15.625 15.625 
140.625 437.5 15.625 15.625 
125 453.125 15.625 15.625 
140.625 453.125 15.625 15.625 
156.25 437.5 31.25 31.25 
156.25 437.5 15.625 15.625 
171.875 437.5 15.625 15.625 
156.25 453.125 15.625 15.625 
171.875 453.125 15.625 15.625 
125 468.75 31.25 31.25 
125 468.75 15.625 15.625 
140.625 468.75 15.625 15.625 
125 484.375 15.625 15.625 
140.625 484.375 15.625 15.625 
156.25 468.75 31.25 31.25 
156.25 468.75 15.625 15.625 
171.875 468.75 15.625 15.625 
156.25 484.375 15.625 15.625 
171.875 484.375 15.625 15.625 
187.5 437.5 62.5 62.5 
187.5 437.5 31.25 31.25 
187.5 437.5 15.625 15.625 
203.125 437.5 15.625 15.625 
187.5 453.125 15.625 15.625 
203.125 453.125 15.625 15.625 
218.75 437.5 31.25 31.25 
187.5 468.75 31.25 31.25 
218.75 468.75 31.25 31.25 
250 250 250 250 
250 250 125 125 
250 250 62.5 62.5 
250 250 31.25 31.25 
250 250 15.625 15.625 
265.625 250 15.625 15.625 
250 265.625 15.625 15.625 
265.625 265.625 15.625 15.625 
281.25 250 31.25 31.25 
281.25 250 15.625 15.625 
296.875 250 15.625 15.625 
281.25 265.625 15.625 15.625 
296.875 265.625 15.625 15.625 
250 281.25 31.25 31.25 
250 281.25 15.625 15.625 
265.625 281.25 15.625 15.625 
250 296.875 15.625 15.625 
265.625 296.875 15.625 15.625 
281.25 281.25 31.25 31.25 
281.25 281.25 15.625 15.625 
296.875 281.25 15.625 15.625 
281.25 296.875 15.625 15.625 
296.875 296.875 15.625 15.625 
312.5 250 62.5 62.5 
312.5 250 31.25 31.25 
312.5 250 15.625 15.625 
328.125 250 15.625 15.625 
312.5 265.625 15.625 15.625 
328.125 265.625 15.625 15.625 
343.75 250 31.25 31.25 
343.75 250 15.625 15.625 
359.375 250 15.625 15.625 
343.75 265.625 15.625 15.625 
359.375 265.625 15.625 15.625 
312.5 281.25 31.25 31.25 
312.5 281.25 15.625 15.625 
328.125 281.25 15.625 15.625 
312.5 296.875 15.625 15.625 
328.125 296.875 15.625 15.625 
343.75 281.25 31.25 31.25 
343.75 281.25 15.625 15.625 
359.375 281.25 15.625 15.625 
343.75 296.875 15.625 15.625 
359.375 296.875 15.625 15.625 
250 312.5 62.5 62.5 
250 312.5 31.25 31.25 
250 312.5 15.625 15.625 
265.625 312.5 15.625 15.625 
250 328.125 15.625 15.625 
265.625 328.125 15.625 15.625 
281.25 312.5 31.25 31.25 
281.25 312.5 15.625 15.625 
296.875 312.5 15.625 15.625 
281.25 328.125 15.625 15.625 
296.875 328.125 15.625 15.625 
250 343.75 31.25 31.25 
250 343.75 15.625 15.625 
265.625 343.75 15.625 15.625 
250 359.375 15.625 15.625 
265.625 359.375 15.625 15.625 
281.25 343.75 31.25 31.25 
281.25 343.75 15.625 15.625 
296.875 343.75 15.625 15.625 
281.25 359.375 15.625 15.625 
296.875 359.375 15.625 15.625 
312.5 312.5 62.5 62.5 
312.5 312.5 31.25 31.25 
312.5 312.5 15.625 15.625 
328.125 312.5 15.625 15.625 
312.5 328.125 15.625 15.625 
328.125 328.125 15.625 15.625 
343.75 312.5 31.25 31.25 
312.5 343.75 31.25 31.25 
343.75 343.75 31.25 31.25 
343.75 343.75 15.625 15.625 
359.375 343.75 15.625 15.625 
343.75 359.375 15.625 15.625 
359.375 359.375 15.625 15.625 
375 250 125 125 
375 250 62.5 62.5 
375 250 31.25 31.25 
406.25 250 31.25 31.25 
406.25 250 15.625 15.625 
421.875 250 15.625 15.625 
406.25 265.625 15.625 15.625 
421.875 265.625 15.625 15.625 
375 281.25 31.25 31.25 
375 281.25 15.625 15.625 
390.625 281.25 15.625 15.625 
375 296.875 15.625 15.625 
390.625 296.875 15.625 15.625 
406.25 281.25 31.25 31.25 
437.5 250 62.5 62.5 
437.5 250 31.25 31.25 
437.5 250 15.625 15.625 
453.125 250 15.625 15.625 
437.5 265.625 15.625 15.625 
453.125 265.625 15.625 15.625 
468.75 250 31.25 31.25 
468.75 250 15.625 15.625 
484.375 250 15.625 15.625 
468.75 265.625 15.625 15.625 
484.375 265.625 15.625 15.625 
437.5 281.25 31.25 31.25 
468.75 281.25 31.25 31.25 
468.75 281.25 15.625 15.625 
484.375 281.25 15.625 15.625 
468.75 296.875 15.625 15.625 
484.375 296.875 15.625 15.625 
375 312.5 62.5 62.5 
375 312.5 31.25 31.25 
375 312.5 15.625 15.625 
390.625 312.5 15.625 15.625 
375 328.125 15.625 15.625 
390.625 328.125 15.625 15.625 
406.25 312.5 31.25 31.25 
406.25 312.5 15.625 15.625 
421.875 312.5 15.625 15.625 
406.25 328.125 15.625 15.625 
421.875 328.125 15.625 15.625 
375 343.75 31.25 31.25 
406.25 343.75 31.25 31.25 
406.25 343.75 15.625 15.625 
421.875 343.75 15.625 15.625 
406.25 359.375 15.625 15.625 
421.875 359.375 15.625 15.625 
437.5 312.5 62.5 62.5 
437.5 312.5 31.25 31.25 
468.75 312.5 31.25 31.25 
437.5 343.75 31.25 31.25 
468.75 343.75 31.25 31.25 
468.75 343.75 15.625 15.625 
484.375 343.75 15.625 15.625 
468.75 359.375 15.625 15.625 
484.375 359.375 15.625 15.625 
250 375 125 125 
250 375 62.5 62.5 
250 375 31.25 31.25 
250 375 15.625 15.625 
265.625 375 15.625 15.625 
250 390.625 15.625 15.625 
265.625 390.625 15.625 15.625 
281.25 375 31.25 31.25 
281.25 375 15.625 15.625 
296.875 375 15.625 15.625 
281.25 390.625 15.625 15.625 
296.875 390.625 15.625 15.625 
250 406.25 31.25 31.25 
281.25 406.25 31.25 31.25 
281.25 406.25 15.625 15.625 
296.875 406.25 15.625 15.625 
281.25 421.875 15.625 15.625 
296.875 421.875 15.625 15.625 
312.5 375 62.5 62.5 
312.5 375 31.25 31.25 
343.75 375 31.25 31.25 
343.75 375 15.625 15.625 
359.375 375 15.625 15.625 
343.75 390.625 15.625 15.625 
359.375 390.625 15.625 15.625 
312.5 406.25 31.25 31.25 
343.75 406.25 31.25 31.25 
343.75 406.25 15.625 15.625 
359.375 406.25 15.625 15.625 
343.75 421.875 15.625 15.625 
359.375 421.875 15.625 15.625 
250 437.5 62.5 62.5 
250 437.5 31.25 31.25 
250 437.5 15.625 15.625 
265.625 437.5 15.625 15.625 
250 453.125 15.625 15.625 
265.625 453.125 15.625 15.625 
281.25 437.5 31.25 31.25 
281.25 437.5 15.625 15.625 
296.875 437.5 15.625 15.625 
281.25 453.125 15.625 15.625 
296.875 453.125 15.625 15.625 
250 468.75 31.25 31.25 
250 468.75 15.625 15.625 
265.625 468.75 15.625 15.625 
250 484.375 15.625 15.625 
265.625 484.375 15.625 15.625 
281.25 468.75 31.25 31.25 
281.25 468.75 15.625 15.625 
296.875 468.75 15.625 15.625 
281.25 484.375 15.625 15.625 
296.875 484.375 15.625 15.625 
312.5 437.5 62.5 62.5 
312.5 437.5 31.25 31.25 
312.5 437.5 15.625 15.625 
328.125 437.5 15.625 15.625 
312.5 453.125 15.625 15.625 
328.125 453.125 15.625 15.625 
343.75 437.5 31.25 31.25 
312.5 468.75 31.25 31.25 
312.5 468.75 15.625 15.625 
328.125 468.75 15.625 15.625 
312.5 484.375 15.625 15.625 
328.125 484.375 15.625 15.625 
343.75 468.75 31.25 31.25 
375 375 125 125 
375 375 62.5 62.5 
375 375 31.25 31.25 
375 375 15.625 15.625 
390.625 375 15.625 15.625 
375 390.625 15.625 15.625 
390.625 390.625 15.625 15.625 
406.25 375 31.25 31.25 
406.25 375 15.625 15.625 
421.875 375 15.625 15.625 
406.25 390.625 15.625 15.625 
421.875 390.625 15.625 15.625 
375 406.25 31.25 31.25 
375 406.25 15.625 15.625 
390.625 406.25 15.625 15.625 
375 421.875 15.625 15.625 
390.625 421.875 15.625 15.625 
406.25 406.25 31.25 31.25 
406.25 406.25 15.625 15.625 
421.875 406.25 15.625 15.625 
406.25 421.875 15.625 15.625 
421.875 421.875 15.625 15.625 
437.5 375 62.5 62.5 
437.5 375 31.25 31.25 
468.75 375 31.25 31.25 
468.75 375 15.625 15.625 
484.375 375 15.625 15.625 
468.75 390.625 15.625 15.625 
484.375 390.625 15.625 15.625 
437.5 406.25 31.25 31.25 
437.5 406.25 15.625 15.625 
453.125 406.25 15.625 15.625 
437.5 421.875 15.625 15.625 
453.125 421.875 15.625 15.625 
468.75 406.25 31.25 31.25 
468.75 406.25 15.625 15.625 
484.375 406.25 15.625 15.625 
468.75 421.875 15.625 15.625 
484.375 421.875 15.625 15.625 
375 437.5 62.5 62.5 
375 437.5 31.25 31.25 
375 437.5 15.625 15.625 
390.625 437.5 15.625 15.625 
375 453.125 15.625 15.625 
390.625 453.125 15.625 15.625 
406.25 437.5 31.25 31.25 
375 468.75 31.25 31.25 
406.25 468.75 31.25 31.25 
406.25 468.75 15.625 15.625 
421.875 468.75 15.625 15.625 
406.25 484.375 15.625 15.625 
421.875 484.375 15.625 15.625 
437.5 437.5 62.5 62.5 
437.5 437.5 31.25 31.25 
437.5 437.5 15.625 15.625 
453.125 437.5 15.625 15.625 
437.5 453.125 15.625 15.625 
453.125 453.125 15.625 15.625 
468.75 437.5 31.25 31.25 
437.5 468.75 31.25 31.25 
468.75 468.75 31.25 31.25 
