41.8688
66.2193
34.4384
46.3897
24.8395
38.3275
47.4342
10.198
36.1248
56.3028
36.3593
40.7063
39.3192
35.4683
19.2354
23.0868
60.8769
73.5391
48.8262
77.666
47.2969
45.3431
22.4722
45.2769
70.0357
22.0907
40.1995
25
65.8559
33.0151
47.4342
71.1969
48.0521
37.6431
41.0122
32.7567
47.5395
14.2127
29.1548
14.3178
53.0094
24.0416
55.8032
41.7732
73.5391
63.4114
52.3546
43.8634
14
54.4243
40
40.4969
67.624
40.6079
26.0768
33.541
52.3927
29.1548
68.3593
40.8534
47.676
46.0435
30.4795
33.6155
44.2041
36.0555
31.1127
77.3692
12.6491
38.0789
39.6232
23.0868
76.5376
43.4166
69.857
10.0499
60.2163
44.5982
46.0977
60.8112
23.0868
28.178
25.2389
49.4975
38.1182
41.0122
39.598
29.2062
30.4631
16.1245
18.9737
49.366
20.2485
36.1248
50.6063
35.8469
30.0832
48.6621
42.45
35.4683
75.7166
38.0132
68.6003
36.7696
23.0868
44.7772
72.2011
9.43398
22.2036
36.4005
50.0899
54.037
38.0789
62.3699
38
32.2025
10.8167
56.5685
50.9608
26.6833
75.1532
9.48683
46.4866
37.855
43.1393
69.8928
27.7308
55.4617
53.4509
18.3576
77.1751
43.3244
20.6155
31.8904
28.2843
54.1202
52
20.2237
39.8497
41.0488
40.0125
15.8114
54.1202
27.8029
27.313
31.0161
30.6757
14.7648
27.5136
71.5891
56.6127
26.9258
56.5685
48.7647
53.1507
60.208
25.9615
64.0312
21.4709
50.2195
33.0151
36.6197
67.897
52.7731
36.6879
50.8035
35.1141
66.4831
72.4224
23
36.8782
29.4279
75.452
37.4833
22.1359
47.0106
70.7107
21.3776
52.4309
26.0768
39.0512
24.0416
66.6033
57.0701
28.6007
15.2643
42.2019
49.4975
15.8114
29.8329
58.8218
17.2627
21.2132
45.607
69.814
59.5399
18.4391
35.2278
49.679
56.4624
29.2062
25.1794
36.2353
48.6621
74.2024
24.7588
49.5177
44.3847
70.8308
52.345
44.7772
16.1245
52.0865
33.541
55.0727
63.561
30.4138
37.1618
53.2353
60.1415
69.2604
66.1891
63.9531
54.0833
38.4838
76.5506
46.2385
64.405
11.4018
20.5913
40.025
13.3417
6
39.5601
39.2046
33.2415
51.6236
38.8973
41.7732
62.6259
48.3735
39.1152
51.4782
1
15.6525
26.2488
16.2788
20.0998
34.4384
34.9857
22.4722
19.6469
26.4197
45.3431
39.6232
32.6956
69.4622
51.9711
82.3772
13.4164
51.0784
20.2485
24.0416
60.6712
37.6563
30.4631
26.1725
55.8659
8.06226
50.0899
17.4929
74.0608
49.0408
22.8035
73.0068
73.736
38.6394
40.2492
39.0512
64.4981
14.4222
47
18.868
27.2029
26.2488
33.541
61.7414
49.2443
20.8087
73.6003
42.5441
29.0172
11.4018
54.1295
57.9396
45.6946
25.4951
10
31.241
59.8164
41.2311
52.6972
45.3542
24.4131
75.4321
25.632
41.5933
47.8017
54.1202
48.1041
55.7584
62.0322
8.24621
45.2769
47.0425
44.6878
35.5106
65.192
30.3645
24.0832
39.2046
70.0071
32.9848
47.2017
41.5933
34.1321
29.0172
46.9574
54.6443
22.561
51.4004
39.8121
48.0833
63.3482
22.8035
45.4533
16.1555
29.4279
50
64.3506
48.0833
26
24.2074
54.9181
12.0416
28.1603
39.8121
43.1741
36.6742
34.7851
11.4018
27.8029
38.2884
17.0294
48.5489
22.4722
48.7545
52.8015
50.3289
46.669
42.2019
40.8167
74.0945
54.4059
47.7598
48.2597
64
28.8444
8.60233
12.0416
30.8058
34.0147
45.7056
38.0789
34
39.1152
48.4149
46.5296
68.1175
19.6977
35.4683
33.2415
51.8941
25.318
22.8035
48.8365
61.6117
40.4969
42.72
6.08276
27.8568
43.0116
26.1725
36.0694
39.6232
80.7775
16.5529
46.5188
28.178
54.037
59.6406
27.4591
50.01
26.2488
32.2025
27.7849
29.4279
46.5296
39.3192
47.0425
41.1096
64.195
38.2099
23.0217
49.2443
28.0713
48.2597
75.4718
46.3249
11.6619
57.6888
25.4951
37.6431
43.1045
19.2354
70.6612
39.4081
68.0074
57.8014
26.4008
27.6586
65.3758
20.3961
31.7648
69.3109
19.7231
50.9215
31.241
24.7588
47.1699
32.7567
59.2284
21.0238
70.214
54.4059
42.72
11.4018
26.0768
36.6197
42.5441
39.4588
43
14.8661
36.0555
54.5619
49.3964
37.9473
28.1603
38.8973
70.1783
13.8924
19.7231
36.2353
65.192
28.0713
48.3735
69.3542
38.0132
59.4643
41
37.5366
56.5862
50.3289
45.1221
27.0185
78.8162
7
62.6259
50.3289
36.4005
62
79.8812
49.2443
22.0907
39.4462
2.23607
22.8035
50.448
19.105
16.2788
27.2029
22.6274
14.5602
19.799
47.676
45.8912
73.3485
43.6005
27.6586
46.6905
35
16.1245
25.6125
51.1957
29.2746
32.311
58.5235
54.4885
61.8466
67.9559
62.1289
37.6431
27.2029
50.5371
33.8378
50.2494
31.9531
73.6003
35.8469
45.2769
21.0238
15.6205
33.2415
44.7772
41.7253
79.3221
12.0416
34.0588
21.095
31.241
21.4709
16.0312
69.3397
25.2389
46.6905
40.05
53.535
29.1548
44.643
27.2947
63.0635
52.9245
52.2015
78.8923
62.1289
52.811
62.9365
70.1783
73.7835
22.8254
68.1542
70.8308
5.65685
53.0377
56.3649
50.9608
79.8123
36.2353
35.3836
36.0555
27.8029
56.8595
65.2993
47.8017
26.1725
39
36.2353
30.0832
40.6079
52.2015
71.2811
45.607
57.4891
19.4165
11.6619
37.1214
15.6525
75.7166
34.1321
49.3964
25.4558
28.6531
45.793
67.2086
47.3814
60.9262
44.7772
70.7248
42.3792
63.3246
13.4164
39.8246
50
22.8473
70.214
55
22.0907
22.0227
51.0392
40.3113
10.7703
64.3817
51.1077
44.5982
11.6619
56.356
23.6008
65.307
27.6586
24.1661
53.3385
26.9258
28.4429
19.799
62.2896
72.7324
53.2541
59.4643
46.6905
44.3847
34.4384
44.1475
37.6962
10.198
28.6531
29.2746
68.0661
34
31.9531
46.6154
23.0217
29.1548
30.4795
27.313
16.2788
55.5698
52.6308
15.8114
50.5371
14.3178
72.2011
45.3982
24.2074
35.171
45.4863
48.8262
53.2259
49.6488
32.5576
33.7343
16.5529
40.7922
50
43.8634
27.1662
51.614
76.0592
47.0956
36.6742
42.5441
19.799
35.7351
42.72
39.9625
14.8661
24.1868
30.8869
30.5287
45.1774
33.541
70.8802
18.3848
43.8292
36.6879
36.8917
34.7131
65.6201
29.0172
19.2354
33.1361
52.4309
17.8885
42.9418
56.0803
69.1158
15
41.3401
41.5933
9.21954
60.208
76.8505
27.2947
31.0161
51.0392
21.0238
18.7883
37.1618
49.4773
26.2488
14.3178
72.4707
34.0147
32.2025
41.1096
61.6117
82.9277
51.4198
23.4094
54.1202
49.6488
73.4098
63.0714
47.8017
67.5352
6.32456
24.0832
58.1378
37.0135
40.7922
50.6952
51.4198
39.8497
30.6105
12
32
42.5206
50.04
39
16.1245
71.3092
33.541
23.3452
21.9317
30.8058
39.3573
22.4722
31.8904
47.7598
36.8917
29.1548
49.7393
58.5491
54.626
53.1413
43.1393
16.7631
24.1868
33.3766
43.1856
33.2415
45.0999
21.0238
42.5793
54.4518
43.6807
15.6205
49.0918
26.4008
44.5982
41
62.9365
35.0571
25.6125
51.4782
46.0435
50.9215
44.5533
37.6431
59.5399
24.0832
49.3964
39.3573
18.868
76.3217
26.4008
67.3573
70.8025
62.426
55.3173
42.45
31.3847
39.8497
32.6497
34.9857
73
36.7696
30.6757
32.8024
68.4105
30.1496
43.382
55.0818
49.0408
29.0689
28.4253
29.4109
49.0918
52.8015
62.8013
38.1182
9.05539
44.9444
11
16.4012
45.0999
31.0161
45.0999
43.9318
26.4008
26.9258
46.8402
46.3249
28.2312
14.3178
77.4661
61.2209
36.1248
24.4131
75.1665
33.8378
7.2111
70.6116
39.6232
55.9464
45.4863
40.7185
29.4279
19.6977
68
65.5134
38.5876
51.8845
72.4983
48.0104
23.7065
14.8661
59.0762
39.0128
59.0339
20.2237
50.774
79.8123
48.3011
34.7131
38.0789
67.0671
48.3011
31.1448
5.38516
41
38
52.5547
53.7401
37.2022
46
45.0999
19.8494
40.8534
56.5685
54.3415
66.8431
45.5412
27.5136
26.4008
16.2788
46.6905
48.5489
12.0416
47.2969
51.8941
16.4012
52.8015
15.1327
64.195
7.28011
34.2053
61.4003
22.4722
62.6817
4
47.7598
60.6712
42.72
47.2969
59.0593
28.178
27.5136
52.4976
54.7083
19.0263
23.0217
49.2037
68.9638
27.5862
56.4358
45.3431
48.5077
19.105
65.192
26.4197
38.3275
44.5982
34.1321
34.5254
67.624
11.3137
46.0109
47.3814
41.7612
49.0408
41.7732
67.4685
32.0156
43.1856
41.1825
39.8246
38.4708
52.4309
43.4166
14.3178
41.1461
41.7852
63.0317
56.8595
67.2086
34.9857
46.2277
28.0713
39.4588
27.8568
49.6488
27.0185
71.3092
14.3178
61.2699
65.123
11.6619
31.0161
47.0106
48.2701
28.3019
6.08276
21.2132
67.897
17.088
16.1245
52.4976
52.3927
19.2354
19.105
32.249
6.32456
54.7083
77.801
70.8025
34.6699
54.7083
72.4983
29.8329
16.4924
49.0408
77.6981
20.0998
57.6281
41.1947
30.0167
44.7214
33.8378
67.1193
20.025
38.6005
82.9277
69.4046
22.8473
48.0416
36.3593
40.8044
18.3576
17.6918
25.4558
21.5407
57.1402
42.45
51.0392
29.1548
69.3542
65.2993
26.4197
39.0512
46.0109
48.7032
36.1248
52.6308
71.7844
41.6773
61.8466
47.7074
26.0768
29.0689
26.6271
49.0306
24.7386
21.3776
30.4138
26.0192
64.6607
14.3178
42.45
37.9473
49.366
33.1361
65.5515
49.7393
65.7647
29.1548
53
39.6989
14.4222
37.6962
72.4017
25.0799
38.8973
40.4969
42.9535
55.2268
47.4342
28.8444
46.8402
52.3259
74.0945
26.4008
15.2643
58.1893
41.3401
24.1868
53.6004
77.666
66.0984
29.6985
39.6989
26.8328
43.8292
50.448
65.9242
34.0588
57.0088
44.2832
31.7805
3.16228
23.3452
72.4224
46.5188
47.3814
39.1152
8.60233
51.9711
2.23607
55.2268
28.1603
44.7214
74.4312
45.0111
65.9242
66.0379
35.9026
50.448
17
62.2254
48.4149
63.6396
19.7231
27.7849
54.6443
26
56.648
46.3249
48.7032
51.614
28.6356
17.6918
59.4138
46.2385
15.1327
53.6004
32.6956
31.7805
49.5177
45.2769
29.6142
44.7214
41.8808
42.72
32.9848
63.5059
38.2753
41.8688
18.3576
42.0119
48.3011
68.1175
18.0278
62.2415
30.0666
15.0333
41.6293
69.5701
39.8246
50
34.0588
67.5426
37.1618
42.72
26.4008
52.6972
13.3417
71.8679
30.3645
45.8803
42.3792
44.6878
13.4164
15.2971
43.1741
58.8558
30.0167
26.9072
43.3244
5.65685
54.9181
53.2635
39.1152
36.0694
34.9285
8.24621
6.32456
24.1661
58.6003
33.6155
6.32456
47.3814
50.9902
60.1664
56.0089
48.6621
24.0416
50.2892
64.8151
2
56.8507
12.6491
42.2019
5.83095
47.8539
27.2947
62.1772
31.5753
49.7293
13.6015
34.4819
34.0147
64.3817
33.2866
55.1453
24.5967
56.9386
38.3275
70.214
42.8019
12.6491
29.7321
29.1548
20.3961
45.6946
53.3104
27.2029
43.0116
7.61577
18.6815
53.8516
50.9117
30.8058
68.593
28.2312
21.0238
48.0416
13.6015
12.3693
45.3542
57.8014
39.8246
43.6005
68.0294
45.4863
16.4012
13.8924
26.0768
43.0116
36.8782
9.43398
55.2268
76.5506
38.833
35.9026
40.8167
49.4975
11.0454
36.8917
49.93
46.5188
43.8634
19.6469
58.2495
19.2354
42.72
14.4222
69.3542
26.0768
16.2788
26.9072
57.4282
40.8534
24.0832
49.366
69.7711
39.6989
43.1741
52.3259
25
69.527
61.0574
68.1836
56.3028
68.0074
23.1948
70.1783
21.2132
40
30.8058
45.8803
72.9452
45.4863
41.6773
60.6712
75.7166
16.0312
17.8885
19.3132
45.4863
32.45
48.7955
71.218
62.3699
54.1295
77.801
33.3017
62.2656
48.4665
54.2033
39.1152
64.7611
34.7131
17.0294
21.8403
32.8938
33.1059
47.4342
51.8845
28.4429
55.2268
19.105
54.1479
75.2928
20
43.8634
23.0217
57.3847
59.0339
65.9469
71.3442
31.3209
28.6531
17.8045
50.9902
42.72
64.8999
43.4166
14.0357
41.7253
57.5847
47.0106
45.5412
21.9317
39.5601
24.1868
23
52.8394
64.4981
25.4951
4.47214
29.1548
40.4969
49.2443
25.6125
66.7533
41.2311
40.025
38.0789
45.9674
64.405
38
48.0937
28.3019
49.8197
41.7253
47.5079
34.9285
17.0294
45.3542
39.8497
16.4924
44.1814
68.4251
39.0512
74.4043
21.3776
17.0294
39.8497
27.2029
34.0588
61.6117
26.0192
72.0902
30
62.426
16
29.1204
48.2597
38.833
75.2861
48.0833
27.8927
10.6301
29.8329
26.3059
49.2544
57.0088
25.4951
49.0102
25.2389
82.4197
25.5539
43.8292
37.5766
12.2066
39.598
21.8403
31.7648
16
67.2012
27.4591
55.5428
37.9473
12.0416
48.3735
57.2014
47.0106
72.45
80
36.6742
41.0122
52.6308
22.1359
42.72
20.0998
14.0357
50.8035
55.0727
72.8011
22.8035
12.083
63.1981
46.0435
35.609
40.8167
29.7321
28.1603
54.1202
27.0185
53.4883
44.4072
27.7308
43.7379
20.8806
23.2594
31.7805
38.1182
69.857
35.3412
23.3238
53.7587
65.7647
59.3633
46.5296
50.0899
31.4006
53.2353
21.6333
68.8186
9.21954
39.2046
56.0446
52.4023
13
38.0526
37.6431
37.1214
67.3573
31.257
39.4462
53
22.8473
39.2938
48.7647
15.2315
32.7567
43.6807
22.8035
48.5489
63.561
24.3311
15.0333
27.2947
10
48.7545
30.4138
39.3573
65.9469
68.0074
66.6483
32.0624
37.3363
16.7631
4.12311
73.1095
59.1354
50.6952
30
49.6488
47.3814
79.0759
24.1661
55.4707
8.544
31.6228
8.06226
42.0119
36.1386
72.8011
25.807
7.81025
43.0116
65.7343
13.1529
64.7611
73.0548
7.81025
68.593
27.2947
47.3814
34.6699
31.3209
68.8767
54.1295
35.5106
25.632
42.4853
25.7099
19.105
25.4951
26.2488
11.0454
26.5707
38.8973
42.5441
49.3964
28.8444
54.4059
47.0956
15.5242
35.3553
67.7422
26.2488
56.5685
67.897
28.2312
15
55.9464
55.7584
24.0832
26.4008
38.0526
72.7324
54.0833
55.4707
51
50.5371
60.1332
43.7379
48.7032
26
20.8806
34.7131
28.2312
52.9245
48.2701
49.1935
43.2782
25.9615
67.0671
50.01
31.1448
57.6281
69.3542
41.9762
59.0762
78.6003
38.9487
57.28
7.81025
77.3692
36.1248
36.2353
12.53
14.2127
27.7308
52.9245
39.3192
54.5619
23.3452
13.4164
59.5483
15.6525
50.5964
39.8121
46.8188
16.9706
62.2896
46.3897
19.8494
34.4093
23.7065
27.8568
49.2443
64.1405
44.5533
41.8688
34.0588
47.5079
66.6108
62.6418
50.3289
49.2443
38.6005
25.318
39.6989
33.4215
47.8539
33.2415
39.2046
76.9415
52.6308
21.4009
19.6977
65.8635
32.0624
70
56.4358
54.5894
40.4969
50.6063
7.61577
52.6308
19.105
43.4166
71.5542
48.2597
18.0278
18.0278
64.2806
70.6824
37.0135
51.4296
65.0308
8
34.0147
21.2132
19.8494
33.0606
71.0282
40.8167
47.8017
24.1661
54.5619
54.8179
25.5539
47.0106
50.4777
73.8783
73.1642
41.6293
74.793
64.0312
51
40
26.9258
42.638
21.2132
42.0476
48.7955
44.1022
85.2115
55.5428
38.6005
48.6004
35.805
39.0512
53.7122
37.2156
54.4059
55.0727
9.21954
7
24.2074
61.9839
34.0588
32.7567
17.8885
29.6142
66.6033
43.566
21.2132
17.0294
63.6946
31.305
7.61577
51.0392
41.6293
34.4819
53.8516
35.0571
24.3311
39.9249
44.2719
43.909
26.9258
7.81025
51.9711
44.0114
38.0789
15.8114
44.3847
48.3839
70.406
55.2268
44.7214
71.8679
28.3019
69.857
68.6804
40.8044
62.6259
34.6699
39.9249
50.8035
42.0595
47.0106
42.19
11.6619
69.1158
72.7186
65.7951
20.025
12.083
24.1868
28.4253
40.3113
15
36.4966
43.6005
45.793
16.9706
49.3356
66.6108
53.3104
13.6015
39.3192
48.2597
26.1725
52.6308
46.5296
45.3542
36.4005
59.203
62.2415
62.8013
39.6611
29.2062
40.4475
55.7853
39.4081
74.2024
41
52.5547
36.6742
26.6833
63.5059
42.638
49.163
62.8172
11.0454
67.624
41.5933
18.868
66.6408
41.2311
67.082
55.3173
33.1361
62.1691
52.7731
50.3289
28.3196
16.7631
42.0595
17.0294
63.8905
78.5493
19.2094
54.1202
27.4591
58.1378
49.6488
32.0624
48.1041
39.8246
46.0977
42.19
40.3609
43.1856
37
21.1896
68.1542
48.6621
4.24264
22.6274
43.0116
9.21954
38.0132
31.4006
55
17.088
24
28.8444
11.6619
17.72
11.1803
46.5188
61.0082
49.2443
41.6293
18.868
53.8516
17.8045
50.2494
48.8365
23.3452
39.8121
41
53.7122
24.0416
40.025
55.4617
42.2019
55.4707
68.4471
68.6003
45.31
21.6333
24.6982
32.2025
13.9284
24.5153
36.0555
35.1141
55.3263
49.163
71.0211
70.8378
15.2315
42.107
24.7588
55.1725
13.6015
57.5587
60.9016
70.8802
55.0818
20.5913
54.7449
22.4722
24.3516
30.8869
69.5701
16.1245
57.8014
22.8473
23.6008
59.4643
40.6079
51.0392
71.4003
20.2485
58.4123
36.4005
43.8634
27.1662
20.8087
38.9487
9.21954
36.3593
43.9659
21.0238
58.8218
60.208
41.0366
36.0555
29.6816
48.7545
40.7063
33.6006
60.8358
15.2643
57.0701
18.7883
66
19.2354
36.7696
66.7308
52.3927
13.1529
23.2594
49.6588
53.1413
22.8035
41.4367
11.1803
17.0294
59.2115
39.5601
49.6488
47.1699
36.0694
18.4391
48.4665
22.8035
59.4643
53.3104
47.8017
45.1221
27
6.32456
22.6716
38.6005
29.6816
49.0102
14.1421
30.4138
26.2488
28.4253
42.638
22.0907
49.6488
14.2127
77.0065
18.0278
49.0408
52.3259
25.02
9.21954
31.3209
6.32456
24.6982
51.0882
29
60.0333
28.4429
81.2712
8.48528
50
38.9487
29.6816
37.2156
40.7922
70.6045
31.3847
10.0499
15.5242
48.5077
25.2982
29.0172
40.2244
12.1655
8.94427
28.4253
22.0227
58.2495
59.9416
43.6005
65
38.0526
73.8173
33.0151
54.8179
22.4722
47.3814
54.4518
55.2268
62.482
17.2627
58.4637
49.0918
32.2025
56.6127
14.1421
33.0151
52.8394
50.5668
29.0689
61.5224
47.7074
31.6228
16.1245
32.9848
49.2443
26.0768
74.9466
58.1378
29
43.2782
35.609
71.3092
34
54.5711
41.6173
48.7545
72.4707
39.6611
37.0135
20.8087
45.31
63.0317
42.4264
49.6488
44.5533
42.7551
41.4367
33.3017
28.2312
9.43398
62.1691
61.9839
69.6348
39.3192
22.0907
12.53
39.3954
31.1448
40.025
46.5725
54.9181
20.5183
70.214
35.3553
71.218
18.4391
78.492
40.6079
66.4831
38.4838
71.6938
13.4536
29.2062
18.3576
55.8659
38.4708
33.2415
27.4591
58.2495
22.4722
76.8505
37.8021
49.6488
45.1885
91.9239
137.786
102.825
140.616
67.4759
13
96.6282
93.6056
11.1803
40.7185
67.1193
105.152
21.9317
98.3514
50.6063
26.2488
152.948
29.7321
79.0569
31.1448
109.073
93.6483
9.21954
108.467
75.6637
103.078
111.826
36.3456
62.6498
147.014
136
33.541
136.341
84.0119
20.2237
65.8027
134.213
91.9239
132.382
23.0868
25.2982
33.8378
22.8035
31.305
29.0689
143.126
87.3155
59.203
24.3311
96.1769
96.421
44.8219
37.1618
106.677
38.2753
51.9711
140.036
148.081
61.6604
41.7732
86.0233
62.2013
67.2681
47.3814
31.0161
35.4401
40.3113
27.313
83.1685
137.084
33.6006
45.6508
38.1838
146.154
134.406
104.389
108.06
35.0143
56.356
148.758
80.2122
72.1249
148.165
134.451
27.8927
82.4621
72.45
131.187
118.127
112.681
75.9276
132.378
26.0192
92.0489
118.224
34.9285
32.249
96.1041
89.6939
23.4307
37.4833
30.2655
63.6553
24.0832
84.006
147.092
84.9058
116.276
105.076
136.528
41
41.7732
120.304
153.522
124.92
49.4065
90.4434
144.845
47.4342
126.194
17.4642
41.7732
80.7527
112.018
11.4018
124.197
132.382
65.7951
57.5674
65.4599
92.7793
31.7648
34.2345
145.344
53.2635
58.5235
21.3776
24.8395
46.3249
57.2713
102.489
17.6918
134.213
150.881
66.6483
48.4149
103.407
75.0067
101.548
43
47.8017
116.619
70.0286
125.3
150.217
150.987
44.4185
115.135
117.881
62.2415
53.6004
126.143
56.0803
30.2655
16.1555
138.13
22.3607
67.9412
140.036
62.8013
140.801
30.3645
149.405
131.529
35.3836
126.21
101.079
59.808
74.4043
69
92.0272
37.054
40
14.1421
96.6075
135.724
74.1485
38.0789
45.3431
107.415
75.5844
115.07
66.7083
79.6492
57.0088
10.8167
62.1772
47.0956
128.062
24.2074
94.4299
148.122
55.9017
116.103
111.973
78.5684
59.4811
37.855
77.5242
26.1725
146.185
40.1995
144.18
101.843
29.1548
31.7805
58.4637
39.1152
147.58
139.129
28.4429
134.648
70.7743
63.2456
138.852
30.8869
69.6348
65.2993
118.068
137.117
72.45
51
81.6088
47.8017
60.0083
79.9062
103.16
5
73.3553
86.977
39.6989
65.521
95.2103
59.1354
158.231
61.9839
56.0803
131.034
80.7775
125.004
78.492
85.5102
125.399
56.6127
39.0512
40.2492
138.058
104.12
56.356
58.258
21.4709
39.8121
47.7074
120.507
55.7584
55.5428
91.0934
23.3452
37.4833
121.696
28.4605
37.2156
32.3883
53.535
36.3456
43.9318
138.232
90.934
133.881
38.1182
113.596
76.4853
59.1692
130.545
96.0052
45.1885
41.7612
88.955
53.9351
135.329
126.775
55.5698
109.659
49.2443
76.2758
78.924
136.341
71.0211
45.0999
48.5489
57.3149
129.035
101.415
15.1327
87.4643
91.9348
148.486
112.272
38.8973
44.2719
81.0247
87.0919
2.23607
19.8494
87.2353
35.3553
72.7186
66.4078
4.12311
134.123
4
42.4264
70.8308
32.8024
80.604
119.407
98.3107
27
68.0661
18.4391
143.126
68.8186
13.8924
20.5183
102.961
31.3847
98.3514
43.0813
62.8172
110.018
18.9737
41.8688
49.0408
97.5141
48.9183
94.4299
76.922
21.3776
49.2443
111.803
52.7731
76.3806
109.179
51.1077
113.534
63.5059
111.629
141.905
130.138
119.854
44.2041
94.921
28.178
44.4185
119.971
73.1095
108.559
55.9017
82.8734
146.414
64.846
131.381
75.9276
75.1864
112.414
37.4833
14.0357
50.2195
14.5602
117.085
61.327
60.6053
88.955
52.469
31.7805
123.146
36.6742
36.7967
62.0322
24.7386
27.5136
64.0312
139.714
62.9682
87.3613
80.0062
45.2769
32.2025
44.0114
61.2944
58.3095
23.0217
119.708
69.3542
33.4215
51.0882
149
135.004
138.755
28.0179
131.973
89.3588
99.0808
43.0813
20.5913
40.05
52.0865
103.228
34.7131
82.201
52.3259
65.9242
111.234
66.1891
29.4279
92.72
17.2627
80.7775
32.9848
15.8114
60.8769
47.8539
136.473
124.776
125.865
21.4709
107.824
24.6982
57.3062
83.672
37.9473
135.385
123.556
39.4081
50.3587
141.598
109.895
106.944
141.993
47.4131
85.2877
10.0499
64.5368
53.4509
28.4429
61.0082
134.35
32.0156
72.3395
29.2062
26
44.4072
92.1954
22.8254
51.6236
9
51.3517
87.7268
48.7955
57.3149
133.54
19.2354
53.7122
60.208
47.4236
73.4983
100.663
37.6563
48
37.1618
40.3113
51.8652
83.1505
35.6931
164.201
114.843
86.6833
147.231
57.8705
43.1856
77.1298
112.009
56.6392
48.8262
31.6228
54.4059
58.0086
261.4
425.406
228.32
95.901
218.014
294.496
321.45
270.059
397.452
219.754
147.635
71.3092
274.046
49.7393
269.314
348.059
173.968
217.904
415.249
412.146
138.521
208.483
190.276
283.656
129.12
331.652
185.828
168.324
234.105
221.278
201.457
261.842
84.3149
215.232
106.118
158.142
183.175
375.257
290.658
257.391
65.7419
150.655
418.862
69.2604
231.525
336.381
233.206
389.899
332.773
34.7851
134
176.284
327.867
222.05
101.39
335.601
236.373
44.911
57.2713
257.41
237.775
217.81
253.779
234.883
58.0517
217.525
91.6788
372.533
393.935
87.9204
253.476
194.797
294.065
125.877
155.724
218.083
299.536
356.329
122.483
214.674
171.977
213.378
180.336
271.118
152.266
308.701
334.628
220.168
176.955
123.693
262.088
275.77
262.393
211.568
119.549
74
338.21
311.362
166.012
171.172
42.4853
88.6454
334.964
103.354
43.6005
378.155
54.8179
211.766
197.145
51.225
305.655
302.167
325.042
304.657
241.102
78.3901
217.249
256.628
233.944
231.355
58.6003
232.009
190.465
132.019
286.932
87.0976
170.018
183.742
333.714
124.064
232.467
220.586
283.746
165.109
76.9415
24.6982
3.60555
280.578
342.006
267.882
138.279
50.4777
251.406
194.023
432.653
323.748
363.352
295.097
94.3716
234.649
384.832
383.407
207.473
122.201
147.526
141.365
76.8375
331.183
144.959
85.703
60
98.1122
222.092
209.06
242.118
246.1
338.793
363.882
187.949
235.128
109.142
276.4
185.607
299.132
86.0349
272.683
394.533
350.274
347.236
355.101
121.659
366.412
376.485
353.956
161.895
101.119
330.492
281.258
306.008
18.0278
211.021
139.463
253.671
345.326
268.68
321.168
326.253
132.004
355.985
194.504
169.074
298.719
158.978
172.812
351.979
222.639
231.664
152.398
167.443
296.602
190.394
262.092
279.458
376.065
159.314
325
212.042
169.186
28.8617
379.084
220.731
378.208
192.26
163.077
197.203
284.609
143
336.174
392.971
229.262
125.539
137.179
352.817
244.272
200.661
381.147
70.7672
337.605
332.357
85.9826
233.174
147.353
121.198
216.06
168.193
84.6463
307.846
264.273
47.4342
307.05
328.938
437.477
349.013
108.342
194.833
92.0054
92.7793
325.314
241.646
295.785
367.463
169.759
180.624
221.027
217.589
178.941
350.201
173.934
342.247
187.537
84.0536
266.693
145.523
64.0078
223.886
95.2943
250.38
58.5235
388.641
149.265
369.709
324.002
116.211
253.237
300.122
158.902
310.292
191.003
180.624
383.575
279.322
272.254
219.185
182.222
243.298
108.632
350.571
283.979
328.763
80.0062
64.0312
251.205
291.822
236.008
151.083
300.042
81.1542
232.138
275.115
267.761
182.727
204.365
331.002
63.0635
212.438
79.2591
293.138
351.194
288.534
172.792
131.469
409.961
185
125.603
252.769
249.704
178.997
133.54
34.9285
34.7131
236.002
304.539
164.685
253.002
154.557
254.702
319.708
193.569
289.292
176.819
211.854
304.81
261.603
210.002
255.055
156.774
379.353
260.931
223.143
289.795
140.982
261.276
210.466
78.492
143.171
91.9239
238.799
218.769
255.125
348.811
321.823
184.456
260.008
144.003
289.721
261.521
175.385
347.029
247.879
197.8
378.831
223.376
425.029
360.669
264.441
237.413
233.857
364.179
87.4643
312.328
92.0489
189.423
216.171
323.855
264.002
210.95
223.081
17.4642
42.0119
269.067
250.936
168.882
308.707
115.248
236.449
80.3057
170.188
396.691
29.6142
259.557
119.921
384.606
110.603
338.186
235.587
154.263
38.6394
141.397
243.578
352.745
178.443
181.025
213.79
298.436
116.778
126.127
279.159
399.606
247.752
232.131
234.542
144.81
242.547
253.584
41.4367
143.924
196.023
167.908
270.795
237.211
250.799
196.825
353.442
360.972
240.52
362.464
121.433
249.177
215.102
368.144
167.967
24.3311
394.183
75.3127
382.796
144.475
320.315
360.174
161.012
201.646
197.649
262.8
92.957
270.623
255.345
197.307
60.0083
275.218
253.618
223.517
277.597
238.21
245.693
138.658
188.438
370.779
159.862
308.224
234.917
283.028
329.948
211.464
352.439
107.205
173.142
282.299
380.958
122.188
321.279
112.379
110.725
158.902
370.872
267.03
293.437
166.688
282.689
57.6888
228.537
224.415
226.312
327.666
326.81
252.604
262.254
222.847
370.52
249.098
269.268
319.812
100.658
357.463
119.239
320.003
295.503
344.048
217.681
248.29
336.574
421.046
356.786
241.168
227.846
83.678
18.4391
360.889
193.396
244.248
240.052
43.0116
389.524
49.7393
184.391
72.4224
84.309
164.347
214.058
373.738
347.277
113.991
51.9711
81.2527
248.92
183.358
237.693
156.732
158.928
141.676
186.936
10.6301
161.682
304.067
94.7629
255.327
140.801
129.097
321.96
353.375
274.323
164.976
79.1202
195.144
222.812
232.181
328.283
30.6757
403.243
320.014
164.104
413.044
327.654
164.639
338.031
183.025
229.941
227.728
188.43
73.4983
179.047
293.537
358.95
401.662
96.0208
151.486
255.82
316.83
136.956
119.231
213.002
277.318
167.048
80.6226
10
210.867
318.446
230.489
9.48683
324.53
266.227
85.2877
211.192
227.271
268.799
406.307
126.479
208.195
208.087
222.895
158.398
230.209
150.615
165.605
93.7763
190.318
156.627
325.301
88.295
73.4098
258.213
347.462
200.564
57.7754
261.017
233.077
32.311
382.215
102.591
122.703
248.365
177.102
167.335
196.573
408.208
307.358
209.468
54.1479
348.368
412.554
97.4936
189.381
186.947
183.098
220.952
308.041
285
125.766
118.127
231.821
113.004
325.043
234.062
65.7951
373.462
156.525
333.708
193.866
265.153
191.262
217.72
264.911
372.404
110.494
269.941
186.43
125.936
217.61
326.002
326.106
263.53
385.44
133.135
364.424
176.777
12
131.107
274.263
274.898
286.007
330.934
169.853
203.578
276.349
43.909
345.407
34.7851
39.598
263.078
112.285
313.543
143.951
140.089
115.525
169.248
257.008
406.4
332.381
101.789
343.21
275.327
254.262
334.426
44.5533
276.921
291.455
147.353
71.4703
232.228
61.4003
180.424
285.955
218.277
227.759
374.233
169.434
206.342
253.576
170.294
90.7359
281.576
263.078
210.661
198.698
168
339.991
283.24
266.608
274.235
177.629
192.72
388.672
16.1555
285.16
211.341
303.371
404.935
122.332
67.4463
55.4707
142.899
300.541
96.6075
66.8506
180.228
327.035
197.434
219.208
215.188
382.786
273.007
267.571
209.468
357.994
222.686
264.834
334.588
169.145
277.622
208.885
70.4911
220.857
202.704
340.544
164.003
283.704
346.716
257.73
151.793
153.805
228.064
300.097
104.077
180.427
382.188
70.1783
99
126.905
129.769
344.228
406.832
224.183
276.586
299.708
75.8947
60.5392
160.125
243.994
78.2368
264.458
334.215
128.55
150.96
94.541
255.274
211.873
355.563
49.0306
375.932
345.637
255.237
40.3113
148.553
223.329
100.424
117.924
170.417
16.1245
373.909
379.696
158.382
301.239
262.338
214.898
265.966
346.185
310.229
233
304.067
402.315
404.675
307.539
95.1262
185.54
237.472
156.208
394.401
318.981
365.876
274.175
326.774
416.829
232.108
36.2353
136.341
244.035
333.024
263.594
356.385
190.247
156.818
387.827
191.802
396.676
160.153
153.052
157.003
258.213
117.924
268.405
25.0799
280.585
174.04
346.205
255.566
349.09
257.769
254.191
289.85
189.404
353.391
302.952
223.215
52.811
213.806
46.5725
151.4
282.172
131.746
32.3883
146.219
224.555
197.952
190.541
163.083
163.893
259.044
208.504
306.57
256.049
260.21
305.203
251.813
364.611
246.868
218.826
233.206
278.095
336.752
176.505
235.321
135.978
255.486
179.36
187.771
176.977
222.74
168.6
271.4
304.237
36.2353
218.112
311.193
112.361
29.5296
172.154
314.224
127.318
222.65
288.467
196.596
275.507
69.7782
232.108
200.09
130.246
77.0584
322.902
258.503
391.143
232.243
170.836
267.316
26
386.374
41.6293
218.234
156.541
152.817
305.503
251.104
425.893
272.118
133.825
197.307
148.223
300.242
143.003
169.544
96.1769
286.735
43.9318
147.085
315.748
38.2099
50.6063
54.9181
178.807
206.119
339.006
202.781
324.359
122.483
257.194
246.619
264.622
255.031
194.366
218.33
102.201
173.312
124.459
113.534
200
404.901
332.405
239.008
305.941
334.574
342.177
149.696
286.309
266.07
169.452
119.331
230.437
154.932
109.179
208.787
343.91
21.4709
67.9559
106.066
378.048
174.103
252.438
30.4795
310.793
276.501
87.6641
89.1572
193.536
427.3
417.423
111.571
138.809
345.219
133.364
328.562
37.108
30.4138
261.002
180.278
170.026
192.052
151.822
242.86
112.61
248.359
295.706
109.073
340.601
108.908
141.014
245.073
353.006
164.596
247.504
129.283
204.475
393.686
19.4165
238.296
293.833
259.856
323.21
259.977
283.487
210.038
282.765
247.923
247.988
166.436
242.002
20.8087
285.685
271.93
284.888
297.33
97.8621
140.186
243.132
236.163
247.002
254.201
389.791
167.048
113.265
288.175
227.15
138.101
251.448
223.573
290.904
327.825
229.26
228.403
295.286
312.359
142.594
356.142
309.401
379.037
89
235.376
42.5793
114.739
115.741
299.848
83.6301
387.752
270.599
147.299
390.512
106.174
112.446
287.835
210.791
204.57
286.812
129.522
348.105
355.237
131.229
356.523
220.102
206.087
299.366
143.684
302.007
121.297
78.0897
332.71
182.88
168.582
97.6729
158.092
321.104
196.207
244.534
208.079
96.6488
42.72
16.2788
253.008
144.544
206.826
158.493
128.55
401.011
85.703
356.931
269.948
330.315
190.717
26.4197
234.917
340.379
209.848
163.233
307.924
107.28
100.045
150.083
209.067
151.242
111.198
420.02
218.552
271.919
254.419
256.425
296.22
205.351
351.16
313.694
156.387
227.035
91
171.126
267.918
221.326
225.575
398.208
139.635
334.248
223.379
86.3539
178.138
270.823
340.196
198.285
242.835
128.725
348.3
62.7694
250.186
264.015
318.006
203.679
120.283
199.324
257.721
284.007
298.88
85.44
276.632
331.146
66.7083
288.106
370.693
76.243
113.772
343.093
262.488
227.721
89
158.474
239.942
75.0267
360.174
78.6384
216.317
343.804
297.321
230.02
258.26
335.436
240.019
255.282
349.503
214.401
299.982
294.544
214.832
326.847
277.276
297.572
268.03
174.863
177.226
185.27
265.062
239.835
219.146
373.054
245.579
362.505
425.472
298.242
221.822
100.603
200.811
321.636
196.86
137.131
309.555
145.344
127.016
226.02
45.1221
346.013
172.122
178.084
395.133
132.563
303.486
254.008
343.705
296.015
134.807
28.8617
298.65
237.023
61.2209
208.665
91.0934
263.008
193.747
229.172
299.613
103.817
110.422
291.625
69.0652
75.1332
277.354
56.3205
301.171
159.452
378.042
106.607
320.39
68.2642
179.109
247.873
185.828
188.003
224.199
148
151.242
112.009
334.368
69.0507
376.82
131.503
331.798
54.5894
149.013
90.4268
396.057
155.795
299.189
214.033
72.8011
400.041
281.81
270.148
381.473
337.356
392.237
268.991
134.451
326.732
250.38
299.868
319.608
276.355
223.66
58.0086
241.913
26.2488
344.093
245.815
138.885
155.657
107.187
294.17
310.757
122.642
330.619
155.978
102.84
194.928
187.182
112.641
226.418
44.5533
231.041
99.363
182.603
174.897
12.2066
154.159
185.723
341.576
229.924
206.814
199.612
314.841
326.81
205.801
384.662
309.246
6.40312
262.835
193.329
230.361
338.095
322.779
102.201
232.261
226.177
204.012
393.205
190.547
179.494
67.2012
79.8123
170.581
140.004
227.438
235.41
20.5913
122.776
182.483
210.205
302.076
234.463
78.2304
172.467
71.1758
81.2712
169.012
301.201
324.427
190.969
105.224
189.201
353.418
308.6
239.921
297.405
172.154
103.078
56.3205
105.309
319.812
266.588
334.215
238.38
243.871
320.677
126.321
65.8027
248.04
200.302
194.366
216.227
415.601
378.652
391.812
207.634
157.115
227.969
376.968
217.938
158
90.5539
175.801
199.003
395.364
250.667
325.96
72.7186
205.197
332.28
263.19
215.78
105.802
28.8444
291.51
336.305
163.049
56.4358
87.0919
320.408
343.484
249.263
27.8029
270.118
200.002
262.002
85.703
105.304
198.708
320.732
216.813
237.697
314.434
126.004
234.344
244.297
148.098
124.652
327.483
221.687
219.185
261.358
397.181
60.6383
189.908
56.8595
384.887
236.326
284.016
224.294
169.296
210.152
268.963
181.177
323.558
178.533
116.108
53.2353
183.831
349.155
166.883
279.886
322.158
227.035
129.031
37.5766
57.0088
127.059
355.675
201.993
178.508
203.335
166.208
239.002
223.647
142.13
371.012
319.856
45.3542
83.3847
259.465
50.9215
53.2541
294.213
167.359
96.6488
18.4391
341.235
330.388
282.305
353.751
349.573
311.602
222.895
243.132
244.393
398.038
63.6003
329.28
280.53
158.446
145
128.191
101.02
406.366
248.62
77.7946
266.925
78.4347
229.34
255.033
227.864
412.147
66.4078
61.0082
321.896
288.766
292.031
212.2
249.722
260.538
277
286.484
280.957
292.474
214.73
119.419
192.938
511.227
480.371
484.038
472.705
393.554
187.131
327.471
148.297
311.002
634.704
443.37
439.065
440.336
185.586
203.494
448.011
134.004
115.953
196.596
296.769
410.911
441.073
179.335
416.362
283.734
411.05
406.941
121.202
359.869
337.001
430.196
223.271
199.489
216.393
206.848
388.851
102.313
166.012
501.599
227.728
493.256
393.878
576.064
279.177
429.303
424.417
394.249
432.903
75.4321
54.1479
431.885
587.58
187.771
282.991
314.797
358.469
281.839
79.2275
457.499
112.446
518.773
337.12
441.905
34.2053
383.815
332.916
361.006
492.562
454.28
459.331
413.165
311.079
330.938
521.852
112.539
51.4296
193.298
365.636
215.195
361.248
242.062
400.346
244.086
447.332
286.22
198.436
417.27
272.09
164.575
357.74
457.919
435.146
362.993
181.554
51.4296
71.8471
343.46
569.502
222.38
579.042
459.892
451.542
469.655
424.5
121.149
354.171
564.401
16.5529
35.7351
210.06
587.65
456.215
350.956
102.616
526.211
476.072
297.733
381.379
435.437
103.697
255.635
358.156
443.83
453.107
16.1555
63.1269
211.533
126.905
300.601
296.697
420.22
441.454
394.728
344.426
211.896
335.149
438.326
366.722
379.427
516.4
469.334
10.198
281.448
357.022
477.7
179.011
419.952
524.202
436.955
567.134
547.759
399.02
410.473
467.395
359.068
397.292
131.244
473.554
249.002
290.193
105.095
34.0147
232.691
196.4
266
198.013
229.985
90.4268
389.622
124.78
177.003
291.163
460.401
151.427
410.148
446.346
382.131
67.9117
407.707
97.0824
336.001
546.015
36.3456
348.97
456.616
464.812
464.835
334.67
357.2
512.603
220.082
400.911
401.801
462.301
466.744
194.733
424.323
188.987
510.327
168.297
370.794
303.727
572.001
387.495
113.464
192.003
335.68
524.17
197.254
452.041
157.496
43.9659
198.204
105.802
460.544
452.32
414.059
534.223
238.55
332.946
382.897
453.282
21.2132
414.237
110.788
229.787
164.201
286.274
420.862
311.878
449.361
41.6773
501.806
339.706
491.011
163.248
54.0833
317.164
181.805
315.886
496.729
318.198
241.299
262.275
403.448
350.07
422.522
116.662
302.789
512.29
226.791
286.84
381.047
422.622
262.231
55.5788
585.5
379.803
332.898
432.094
403.011
626.497
388.902
253.97
167.192
116.211
423.987
298.464
447.303
397.725
281.576
293.471
479.53
234.796
368.452
434.802
296.522
377.525
299.042
404.401
91.7878
122.691
406.208
5.65685
251.213
13.9284
236.62
277.074
433.721
102.956
438.904
372.979
340.243
206.737
198.879
428.141
187.542
497.864
286.276
61.8466
311.276
216.06
348.794
218.112
216.375
468.875
31.7805
434.373
461.376
58.5235
484.316
506.949
269.067
290.766
293.471
447.8
296.609
354.295
420.002
191.943
295.576
384.61
305.277
239.835
424.853
382.341
466.284
208.24
583.042
594.041
134.807
402.975
306.653
359.762
444.798
436.232
627.638
181.177
332.886
172.569
179.179
394.138
492.416
248.032
564.788
213.009
307.69
303.595
369.965
381.849
416.203
494.314
558.643
444.406
542.853
81.9329
377.786
235.034
555.601
252.484
266.897
78.2304
511.856
178.62
135.074
325.135
448.403
461.26
351.241
328.283
437.831
363.593
393.215
554.008
213.86
353.96
401.434
277.966
198.565
269.475
404.754
294.435
578.557
362.493
433.931
469.665
376.701
462.917
335.018
478.511
203.158
346.439
348.662
560.207
198.879
265.126
290.947
501.79
206.932
393.193
18.9737
197.223
237.539
572.242
299.202
64.4748
505.594
65.3682
444.083
402.15
411.519
136.945
393.071
155.801
195.727
398.704
356.91
204.863
146.492
411.127
333.054
584.241
213.804
557.46
520.663
349.172
459.802
137.594
548.636
357.912
79.7559
346.117
394.92
212.462
320.503
417.465
260.163
367.491
304.455
86.3481
297.532
288.125
212.417
86.3134
436.827
467.347
356.849
380.045
480.067
367.766
323.872
339.094
170.144
167.359
235.032
584.015
525.229
484.004
441.005
268.539
246.71
503.076
478.766
235.304
194.743
333.864
420.761
447.33
330.492
436.056
353.135
447
357.001
112.045
341.353
136.953
474.537
230.671
110
211.625
163.625
353.638
476.811
352.018
188.003
112.432
534.552
568.516
236.254
362.428
207
368.177
51.1957
391.899
555.447
454.852
499.602
400.262
343.373
442.676
360.943
513.422
120.354
100.424
364.683
383.313
219.009
244.135
278.297
247.988
377.966
439.072
419.672
411.558
347.731
394.852
389.104
320.2
468.402
493.957
223.379
113.217
392.326
504.429
345.219
402.498
299.608
348.207
230.217
421.062
203.711
178.059
466.513
495.262
378.875
89.0225
302.511
555.874
406.005
476.114
520.863
313.058
67.4759
522.805
358.064
290.176
250.226
300.621
167.075
144.903
177.226
509.318
451.278
235.614
462.465
464.999
477.582
344.176
471.921
214.273
482.265
581.243
427.384
378.229
299.666
267.047
571.172
407.895
466.247
506.503
530.416
385.784
109.293
157.582
124.535
176.028
148.973
255.18
458.661
366.786
189.526
271.86
84.6463
411.822
178.869
314.396
291.386
439.256
210.19
370.667
419.974
168.003
448.01
66.7308
408.902
403.555
128.825
388.278
435.496
330.492
82
192.44
228.178
358.699
422.019
397.2
350.374
331.688
323.878
313.6
506.32
435.036
443.615
429.029
127.566
107.168
317.97
393.559
353.527
204.944
451.359
401.031
437.389
171.747
217.329
343.001
484.422
502.539
407.462
449.811
256.26
278.69
157.433
345.962
331.122
596.699
419.605
158.269
205.022
415.249
617.709
459.157
228.002
117.796
376.303
163.771
491.847
108.931
371.486
353.023
329.087
406.06
157.08
128.577
456.637
370.315
379.61
429.564
276.219
211.192
254.81
447.448
29.7321
367.92
459.654
62.0322
306.178
397.368
430.029
76.3217
143.544
482.32
65.7419
387.764
345.151
385.44
333.338
177.71
414.461
373.636
197.041
487.333
121.491
434.066
287.696
146.086
182.135
438.649
238.315
104.785
335.386
340.074
567.462
277.836
315.991
566.015
377.256
435.46
258.414
198.204
333.946
176.051
209.802
235.376
335.932
241.019
611.138
242.165
342.117
470.744
132.019
107.075
416.39
488.194
347.615
468.578
232.349
503.206
255.19
423.625
331.308
329.055
360.014
347.932
411.681
415.464
320.755
288.444
404.802
103.325
232.31
592.457
364.605
420.119
372.647
461.247
157.178
499.001
404.422
155.544
275.138
110.005
40.1995
211.085
299.107
507.773
283.734
536.68
488.595
520.794
224.439
316.632
365.833
462.958
190.379
475.661
357.476
216.899
466.142
262.179
171.735
321.056
12.0416
138.192
536.158
219.185
188.308
313.919
587.051
256.909
325.269
400.406
488.762
480.026
74.0945
289.201
442.408
558.506
512.039
520.755
436.66
141.767
358.403
469.419
38.0132
486.203
321.596
407.06
509.004
192.51
53.4883
231.366
102.489
296.144
330.915
78
515.476
387.238
192.003
358.42
283.092
529.741
439.411
411.322
228.178
536.954
406.872
327.8
512.118
228.035
482.037
245.967
467.107
88.1419
366.749
326.267
379.527
28.0713
454.01
505.958
315.484
99.8248
383.025
340.755
524.649
235.801
432.167
252.21
349.281
500.65
520.327
507.206
357.453
391.001
111.665
196.825
309.233
442.404
468.67
335.801
293.061
366.869
167.815
199.181
345.259
83.6301
462.82
31.257
533.023
530.118
512.535
345.081
293.532
366.105
621.155
233.805
380.147
407.226
206.814
324.854
424.285
483.559
511.317
364.281
186.301
239.075
367.555
35.7771
242.553
264.433
528.209
283.833
204.48
413.35
319.061
187.856
188.693
402.385
347.311
91.2853
427.042
416.789
504.088
269.757
120.88
449.324
309.071
416.083
369.986
393.205
282.087
474.068
339.426
319.87
464.535
378.451
467.54
482.656
511.649
319.539
130.587
605.818
362.708
194.064
352.023
10.6301
355.609
352.354
235.053
472.631
388.353
140.357
112.699
383.438
370.871
136.528
44.0454
323.396
120.93
188.024
76.6877
247.814
267.03
461.733
409.005
443.554
246.108
547.033
324.23
589.879
583.675
164.012
92.9139
287.341
464.1
436.651
328.373
254.159
24.1661
387.66
520.516
152.882
118.596
440.654
321.056
370.086
417.738
147.078
188.066
333.566
289.981
84.309
447.452
433.537
328.951
414.606
240.869
225.878
452.762
93.4773
474.937
411.83
105.043
526.258
534.248
311.262
390.57
305.853
395.214
504.311
123.045
223.893
235.614
327.503
547.834
299
323.289
8.06226
357.241
227.055
359.262
109.895
365.099
332.615
216.227
418.846
417.835
430.499
438.001
122.967
575.211
397.775
29.1204
342.794
457.351
236.326
349.04
573.386
255.069
513.377
235.646
488.987
334.09
307.236
399.246
240.52
319.089
265
461.382
424.096
128.752
230.054
95.0211
471.495
300.648
278.916
205.409
474.094
535.486
372.834
328.325
491.679
461.521
372.249
155.641
371.058
145.89
238.891
598.949
367.871
197.952
120.037
147.648
235.983
89.8888
304.495
443.991
458.345
96.3016
106.621
347.121
134.629
38.0132
184.589
183.535
248.871
132.883
348.415
359.694
531.272
378.431
313.002
67.6018
288.694
312.439
266.543
157.08
425.183
180.624
313.997
368.44
282.908
152.971
392.502
500.685
157.544
489.351
347.679
417.388
114.162
363.676
186.987
282.087
233.006
268.224
284.93
316.332
117.686
268.561
465.962
167.908
295.677
421.429
355.844
312.2
130.924
178.017
206.342
540.592
426.127
19.2354
411.526
318.487
451.15
150.473
160.527
357.841
45.31
332.826
123
385.876
463.4
153.942
39.6611
308.785
295.042
363.407
117.175
481.184
427.095
482.637
243.296
516.942
536.347
460.523
170.751
573.149
89.0898
432.644
427.693
475.017
334.054
107.912
370.563
200.552
42.0476
263.048
153.551
242.745
239.385
509.502
362.25
225.222
350.994
457.9
486.215
204.414
381.42
471.424
259.881
84.5281
255.196
269.533
364.088
287.606
346.208
239.883
101.119
436.005
310.427
107.912
497.74
176.185
234.105
248.676
318.284
493.79
347.052
192.255
198.635
538.399
443.397
417.268
467.611
453.072
102.46
484.418
408.002
101.71
360.322
401.031
114.337
418.151
327.703
398.212
588.6
112.614
371.529
541.211
438.634
30.8707
427.449
196.825
212.85
401.617
296.387
144.014
341.791
438.115
499.917
250.45
220.239
57.1402
305.188
441.548
225.61
400.481
387.78
222.104
142.888
348.083
345.468
466.768
225.009
160.031
179.636
220.009
70.0643
467.547
137.321
60.6053
156
468.777
465.824
424.085
370.995
171.026
534.724
438.649
39.1152
342.126
239.535
92.8493
565.468
40.3609
127.534
485.272
580.7
19.0263
478.065
428.843
138
154.829
343.634
101.203
423.249
496.439
248.654
630.754
383.919
277.103
208.435
62.0081
366.86
346.302
375.705
449.325
345.388
65.3682
352.605
344.988
377.302
121.037
256.425
99.363
284.271
378.653
203.059
457.559
194.859
499.236
305.321
193.706
480.047
377.224
317.97
109.622
233.703
196.644
408.927
423.024
321.596
491.498
303.416
340.262
396.676
357.61
165.061
327.124
320.039
181.868
250.503
510.605
431.342
407.001
427.121
350.852
96.3328
382.598
387.675
459.213
518.611
205.679
270.895
406.208
27.4591
411.311
215.133
400.824
509.133
180.336
182.332
365.197
374.162
491.354
551.609
451.438
443.181
429.609
456.027
211.603
184.784
494.955
372.684
196.003
398.503
373.064
286.248
546.774
342.374
447.073
64.3273
316.792
121.655
127.142
318.251
407.848
243.43
508.063
148.661
314.46
551.754
344.703
184.911
125.399
174.951
294.864
451.602
391.945
426.456
129.341
480.835
158.405
420.487
466.01
97.4166
559.473
231.521
456.807
593.57
541.115
293.777
475.281
370.741
290.642
115.802
485.44
334.096
410.25
247.316
434.954
377.902
15.1327
210.01
345.909
454.01
131.848
150.456
442.163
381.084
343.176
466.267
170.558
372.132
352.683
232.125
398.497
563.014
215.035
427.3
259.156
200.562
345.138
333.726
520.707
501.98
501.079
418.715
577.585
228.254
343.208
415.752
217.007
443.37
172.887
367.723
361.732
356.976
216.834
184.22
399.962
538.001
490.658
73.7564
568.206
567.459
259.517
465.473
472.772
119
94.255
64
550.426
327.434
120.748
83.672
436.481
352.626
91.2414
261.521
327.283
307.651
443.338
120.416
177.992
211.811
295.527
363.798
55.1543
267.798
165.584
567.927
269.082
581.083
286.342
170.59
62.6099
579.124
242.588
204.607
30.0832
171.421
338.143
473.659
313.6
116.069
229.898
401.708
349.954
128.705
343.565
287.939
575.083
170.845
18.3848
246.343
219.713
500.803
455.897
608.127
401.11
179.8
510.906
314.455
307.176
388.465
310.04
125.16
392.725
137.568
65.9242
450.499
262.002
231.145
423.001
424.606
312.618
452.726
574.381
305.555
164.305
267.2
377.588
32.0156
178.734
20.2237
277.656
327.038
83.0241
284.345
240.441
345.776
378.382
408
217.341
570.678
515.493
303.134
619.688
90.05
333.624
294.735
422.2
214.149
487.124
288.062
41
366.935
412.753
279.861
400.106
437.082
536.636
102.728
152.453
268.047
271.665
267.599
273.222
226.374
406.399
369.834
310.847
301.159
426.691
87.8635
272.465
375.729
50.01
388.126
175.146
423.761
331.217
405.848
223.517
241.002
437.029
516.188
465.214
398.246
441.291
442.72
321.212
403.113
170.423
470.763
445.772
401.669
208.403
191.606
283.783
151.608
337.997
422.623
266.957
317.569
353.136
361.809
416.389
487.952
392.347
527.004
182.168
180.205
243.347
321.002
487.297
123.037
206.371
374.712
456.397
434.66
461.686
467.107
400.081
188.807
135
293.218
520.458
323.512
400.805
457.93
583.62
499.625
225.854
449.235
568.641
358.854
260.768
394.656
160.611
130.188
453.29
358.357
164.694
80.6226
533.428
372.329
412.331
420.268
386.581
348.31
469.473
297.968
254.574
93.6056
207.077
184.098
370.39
90.2552
478.21
368.648
219.317
451
288.404
256
417.824
569.795
298.292
115.117
344.331
442.73
459.656
359.035
308.294
260.726
187.297
312.359
401.542
244.812
455.274
408.59
401.549
433.416
222.092
537.479
186.132
368.179
590.975
253.811
383.986
292.099
322.605
141.428
87.0057
198.98
278.065
90.6863
440.32
346.157
389.529
423.798
373.363
442.715
473.795
119.507
316.141
455.388
376.108
339.249
331.475
224.437
312.616
406.421
301.896
396.122
409.42
570.445
148.007
558.176
272.655
353.051
382.838
323.736
241.913
464.178
173.003
438.138
445.983
269.579
493.844
358.943
279.873
450.22
358.452
319.406
441.956
434.608
42.0119
197.041
204.061
496.303
533.728
449.464
464.01
409.566
142.562
253.16
560.807
175.308
117.085
342.327
336.024
186.317
398.448
412.953
423.09
462.351
338.457
157.013
255.519
46.0977
33.5261
320.93
202.002
335.006
148.054
277.108
87.0919
284.763
238.472
467.167
69.1231
151.222
493.543
413.76
67.4166
537.331
28.2843
325.498
455.027
260.969
422.019
65.4599
343.93
478.879
392.323
253.032
199.462
239.282
317.569
415.236
442.715
422.171
198.648
370.648
405.937
190.118
338.281
186.454
439.138
412.927
319.69
66.1891
565.052
452.832
413.832
335.872
345.508
149.412
29.2746
409.91
226.808
277.721
181.108
338.917
158.902
131.609
366.306
210.877
117.346
416.646
259.881
332.952
411.05
461.123
432.019
329.462
221.721
501.504
473.803
434.836
180.069
96.3379
276.219
359.924
118.68
260.693
354.107
124.036
270.692
225.056
239.008
314.668
196.825
36.0694
421.369
305.895
88.3629
225.624
561.557
336.418
364.265
482.32
307.402
330.024
288.118
282.115
129.19
98.8838
426.55
468.125
209.057
356.103
88.8144
432.26
333.793
242.043
109.877
406.044
252.579
151.053
386.4
197.449
72.0902
452.452
386.105
379.891
420.488
282.846
237.592
299.528
186.904
20.5913
564.273
524.756
446.279
344.176
359.939
180.945
430.528
409.258
471.468
483.498
304.385
279.407
233.112
440.604
387.021
454.641
447.729
306.139
359.34
217.624
464.841
374.787
182.85
307.405
383.012
359.568
253.671
148.327
285.07
182.165
503.846
587.008
385.374
348.776
296.655
346.468
305
506.969
401.199
361.323
471.492
357.707
471.004
233.446
571.955
196.023
496.212
530.202
578.642
163.957
345.353
376.085
313.413
172.702
79.0759
347.04
263.532
251.454
557.315
336.856
305.655
208.37
475.232
291.565
102.303
423.208
322.009
296.027
309.556
256.035
448.264
228.528
282.852
270.559
273.912
396.406
138.033
429.802
389.035
302.22
23.1948
589.54
245.231
399.941
460.995
361.843
495.552
356.4
20.3961
449.758
526.522
328.726
478.168
357.393
222.05
346.521
364.726
194.987
126.752
455.563
456.741
371.874
271.184
528.015
282.765
356.972
219.146
198.215
475.565
178.07
293.375
258.496
267.047
439.602
266.068
252.486
397.619
305.221
472.239
368.185
391.372
333.924
196.726
319.263
200.085
214.112
229.271
306.844
500.612
297.274
568.516
87.8009
465.151
264.426
416.918
329.565
273.79
404.254
343.903
304.401
456.811
321.1
296.284
77.6209
220.327
223.02
351.006
489.949
393.472
402.892
148.368
228.116
291.666
433.711
318.823
190.625
84.0536
525.78
350.691
523.187
458.813
456.939
319.277
329.074
410.761
386.681
171.945
547.58
359.611
345.326
218.16
402.548
390.899
448.743
342.117
565.106
47.8017
270.74
290.498
502.955
321.125
490.75
287.767
391.004
141.354
438.001
357.549
448.448
372.945
209.774
217.754
362.218
217.892
226.597
413.117
62.2254
422.191
266.693
465.108
491.798
555.09
341.321
456.483
280.473
306.415
159.524
438.207
420.918
406.51
292.441
530.941
133.004
404.079
351.241
349.906
180.006
241.456
523.689
272.36
479.099
87.0057
161.05
480.08
365.404
309.006
389.185
481.041
256.85
148.607
304.021
185.658
408.369
546.605
600.111
183.807
89.6939
82.9759
555.874
238.466
216.518
302.764
266.085
179.471
512.65
245.734
87.0057
332.519
105.019
292.515
329.607
440.204
390.233
179.045
483.6
385.861
608.819
451.101
236.677
254.751
465.189
152.463
355.985
221.416
199.462
79.177
330.177
163.233
298.283
449.063
518.775
292.062
470.422
474.435
454.472
514.328
429.303
358.001
479.335
429.337
347.333
286.541
115.213
148.95
519.004
304.164
492.684
126.194
461.532
357.342
426.223
358.022
360.355
466.554
169.446
422.396
329.874
540.448
279.235
67.3573
493
526.984
406.163
442.892
355.218
426.644
470.027
274.563
229.976
311.284
135.004
565.524
443.402
503.849
31.0161
97.3293
86.3308
49.0408
322.343
306.819
152.801
367.142
501.352
15.0333
518.475
406.539
67.2309
412.826
116.004
356.455
391.583
224.04
517.07
296.38
566.326
58.1808
343.035
286.754
314.746
206.194
205.232
498.255
129.314
486.738
548.435
427.874
218.71
396.989
258.681
156.285
318.55
489.065
320.128
340.066
464.04
262.865
291.973
324.031
346.976
493.685
506.522
599.341
324.826
73.8241
336.662
349.276
139.014
179.109
242.043
295.736
445.027
309.803
385.025
451.885
235.491
369.066
307.509
599.114
289.928
351.689
74.8866
414.957
463.871
183.221
123.693
404.401
240.01
51.2445
174.874
239.633
394.038
224.715
447.487
443.42
174.264
285.212
405.771
435.726
444.946
209.086
525.212
481.478
403.833
387.46
463.341
425.519
276.928
229.654
577.222
474.453
425.462
350.796
384.813
442.354
259.494
487.165
167.872
170.3
350.823
564.427
536.004
519.648
389.955
253.712
382.027
75.326
325.498
292.308
578.599
279.373
237.683
85.0412
300.015
344.154
285.237
446.754
347.052
120.917
358.268
216.462
278.218
468.578
440.073
268.57
285.871
216.749
438.201
264.015
418.642
297.41
246.806
323.002
171.817
234.546
345.811
280.492
585.977
329.15
442.471
227.563
349.311
123.406
154.263
496.407
441.2
270.054
409.445
423.959
448.754
530.71
96.1769
382.958
450.458
557.918
436.955
456.702
364.012
287.578
433.817
335.161
443.041
402.465
215.745
213.354
400.232
79.1202
503.254
311.925
521.714
446.757
396.187
150.615
348.58
278.632
42.72
563.692
256.445
79.6492
233.452
366.197
360.411
50.2494
629.325
345.117
229.985
418.524
316.436
306.472
292.139
351.283
361.179
400.824
344.948
409.011
341.883
195.494
419.076
310.693
116.276
124.908
435.202
445.288
361.159
543.015
276.062
258.645
267.032
463.06
141.873
578.524
342.243
613.072
314.396
532.826
180.347
342.345
259.002
261.358
269.833
426.649
385.541
355.913
206.002
302.962
534.652
365.168
380.664
233.555
419.058
442.242
357.106
23.0217
337.8
120.934
347.23
299.428
437.017
438.475
395.612
446.455
334.293
496.533
377.51
396.646
396.611
396.355
354.493
356.636
150.655
385.332
245.051
40.3609
304.637
106.066
544.67
192.338
427.398
294.253
392.747
284.707
188.449
392.787
182.332
331.436
50.448
405.597
428.688
244.135
191.755
473.525
211.026
365.657
568.803
510.633
134.302
381.369
77.801
387
316.711
566.873
256.008
40.7063
261.62
46.6154
190.507
446.777
134.015
431.419
101.637
479.099
116.52
508.089
317.805
388.005
289.803
414.904
512.235
231.009
377.637
533.023
159.154
478.9
135.484
502.908
385.686
264.093
454.146
252.127
179.234
355.013
382.012
242.992
441.543
459.414
347.669
187.417
533.473
363.629
284.803
391.828
451.595
485.479
373.063
389.012
473.77
266.728
528.11
465.386
333.906
368.402
171.237
355.535
570.036
346.217
216.788
487.197
48.4665
187.259
219.057
452.488
257.527
479.471
265.317
488.971
405.967
433.665
340.602
367.851
542.982
372.055
513.36
492.74
202.704
279.946
541.716
480.735
463.953
437.384
197.365
168.217
400.935
80.7527
154.467
212.603
394.312
157.813
529.4
410.888
405.901
270.969
529.545
233
74.5252
488.013
477.302
324.376
388.661
188.6
198.172
392.654
280.665
462.395
367.143
384.376
376.223
504.394
33.1361
433.01
369.542
277.51
302.101
355.376
326.719
349.311
164.027
287.628
463.06
427.3
123.329
242.539
433.038
206.041
552.906
399.531
446.405
115.122
419.148
382.523
379.697
486.477
482.818
29.0172
397.045
352.405
461.091
545.023
235.417
289.5
179.301
538.004
145.774
227.482
369.134
143.837
263.934
454.824
114.586
93.5361
437.031
406.602
114.337
434.2
464.226
219.456
371.389
119.474
130.004
486.597
453.224
281.007
349
548.643
269.615
325.125
533.001
501.328
343.216
372.324
242.332
151.162
480.176
285.955
166.811
152.191
408.099
517.72
512.657
69.9714
301.478
436.024
403.833
191.324
405.584
65.437
334.552
380.368
207.781
343.023
275.002
423.096
313.849
196.4
450.395
442.159
65.4599
376.83
398.589
483.91
347.731
426.963
136.858
389.24
570.734
479.17
130.648
162.816
139.262
366.46
386.793
110.454
117.614
270.668
364.408
482.255
389.724
115.109
450.8
422.095
421.165
509.708
140.293
387.769
114.856
360.855
450.76
179.769
406.415
280.644
206.932
252.032
427.931
416.016
104.738
269.225
193.311
588.518
329.371
505.8
322.95
178.101
365.941
455.198
210.152
453.855
477.246
146.24
334.073
202.237
494.527
446.481
342.473
134.536
249.948
307.05
335.054
376.694
152.846
509.243
298.605
249.467
3.16228
434.884
363.193
169.446
393.975
506.952
86.8332
317.166
380.569
142.902
257.402
251.746
279.866
495.155
239.134
427.907
216.668
483.52
338.309
394.463
190.276
436.615
555.993
183.788
176.114
404.969
329.888
87.023
272.415
400.405
147.489
524.505
348.57
224.439
356.507
496.621
365.166
49.2544
385.751
457.281
377.68
200.96
342.301
253.397
146.414
354.634
541.986
184.889
156.467
355.996
533.985
252.945
100.807
414.532
400.41
266.895
102.474
321.84
262.909
329.56
176.377
539.04
477.301
556.737
409.099
470.023
427.93
285.953
450.161
317.77
463.324
391.829
373.466
235.493
298.082
305.773
188.534
305.203
228.6
473.77
515.058
465.859
528.141
339.7
290.849
494.652
176.785
157.813
419.315
427.181
472.603
96.6075
372.302
331.869
136.971
283.986
412.488
386.063
127.475
120.337
273.907
448.529
643.523
495.138
468.68
43.4166
88.3912
382.792
426.691
358.615
531.828
383.767
425.624
72.0069
441.255
312.103
396.548
620.97
359.489
293.532
479.416
78.1857
347.697
565.078
421.701
356.187
246.595
217.8
406.075
137.015
428.621
122.442
407.034
292.104
442.019
324.099
419.672
266.813
424.643
392.938
308.663
78.032
371.228
333.29
511.141
111.005
418.432
227.548
457.01
346.598
361.902
390.717
387.807
259.609
487.742
345.809
479.413
161.941
19.105
45.7056
321.056
343.804
174.951
263.797
355.373
458.844
307.87
390.633
202.2
262.086
510.894
313.158
405.494
439.256
414.31
315.286
151.03
195.556
192.211
259.023
304.554
369.121
23.7697
391.005
468.139
231.465
297.061
362.022
344.331
401.708
138.014
376.809
458.216
451.97
247.833
336.883
261.521
128.503
355.688
507.106
420.001
206.39
556.306
81.0247
387.831
511.517
540.631
164.879
193.889
392.319
83.9524
205.205
409.48
443.451
431.297
325.859
280.059
381.698
298.101
381.32
279.508
514.525
483.439
425.47
513.919
427.949
440.041
564.989
225.249
501.767
414.654
224.397
456.128
167.036
25
186.118
59.203
287.141
512.111
313.465
477.377
218.833
242.685
539.727
328.907
543.087
369.2
122.972
35.3836
372.787
329.795
396.093
358.022
455.214
425.622
151.743
185.884
31.257
192.481
123.968
301.39
426.269
234.83
225.269
486.963
346.521
355.951
302.761
465.911
95.0789
413.842
433.005
307.995
309.317
279.145
237.065
196.919
375.63
439.847
286.398
177.138
234.062
364.936
308.526
274.591
480.402
526.951
403.609
182.428
369.908
408.59
108.632
466.999
312.879
158.382
257.437
482.403
428.193
135.484
431.419
219.002
226.259
400.385
155.081
369.769
282.646
452.097
430.955
125.718
355.985
350.036
483.699
292.857
541.325
413.918
411.086
471.819
505.863
517.633
399.81
331.483
321.31
164.076
469.47
380.38
417.479
501.351
97.6217
144.941
407.647
423.383
517.093
498.081
442.235
433.402
63.4114
97.5141
297.523
360.484
324.6
302.063
262.612
446.562
334.253
33.3766
411.73
385.78
221.07
315.539
393.954
354.318
310.736
447.772
134.737
44.0114
74.3303
257.437
440.729
461.624
427.684
496.018
172.235
368.228
486.766
177.882
54.1295
403.005
266.661
168.074
439.182
25
293.157
533.58
471.629
495
206.119
376.225
245.935
234.617
572.403
530.028
392.581
321.363
120.017
297.082
262.069
253.002
489.923
463.289
436.331
382.688
34.5254
191.149
384.86
453.706
409.225
323.872
281.299
188.68
38.0789
453.34
485.891
425.715
132.004
320.412
78.4092
424.012
466.181
116.778
307.293
257.13
110.675
527.546
370.989
361.697
367.396
432.634
273.66
277.881
305.918
507.11
341.287
208.01
503.557
399.546
443.221
519.004
283.297
287.433
417.58
337.429
220.493
172.627
487.452
423.096
67.3573
398.323
524.931
213.138
255.362
221.775
492.215
357.737
347.754
247.891
409.766
356.288
41.0366
184.505
544.507
481.572
430.465
256.07
373.434
510.181
323.512
186.317
334.293
199.625
234.923
519.755
127.252
121.05
362.498
278.605
333.21
189.169
404.022
358.013
277.218
322.453
255.441
294.551
399.1
477.636
175.482
196.705
366.674
411.964
594.687
295.054
299.908
176.799
231.482
11.1803
405.765
239.019
265.108
368.416
319.251
539.045
282.002
88.2836
203
461.017
469.47
285.012
280.045
502.494
384.678
444.987
455.496
368.23
417.655
251.509
412.311
465.116
290.689
412.807
352.036
92.7038
78.2304
230.766
308.248
359.707
490.523
364.003
378.868
422.428
477.62
233.624
415.217
323.303
169.331
401.214
272.919
432.634
521.914
351.847
403.351
392.001
103.044
395.38
150.864
286.372
421.523
281.938
278.002
312.605
401.005
257.531
444.326
215.149
389.955
407.208
277.002
190.686
256.32
459.527
318.127
401.368
218.673
314.428
229.244
289.85
43.0465
568.34
447.404
554.217
215.002
617.867
453.054
324.569
554.416
217.624
441.977
524.675
336.59
234.156
268.151
263.454
390.749
412.564
271.28
280.451
471.307
308.639
150.96
98.3514
556.291
470.466
145.014
475.622
131.183
230.078
44.7214
420.837
432.356
112.969
471.098
331.145
448.308
278.568
264.038
542.982
134.082
229.02
307.878
492.946
445.759
536.943
233.418
397.031
536.464
123.081
33.0606
213.441
277.045
422.412
130.599
411.024
347.83
378.338
357.351
123.491
446.061
443.615
361.083
405.613
328.014
38.2884
324.125
438.42
179.324
202.781
113.137
239.942
354.189
461.863
358.804
334.54
431.422
87.2812
471.273
391.772
449.058
282.179
491.337
576.279
245.122
433.042
108.342
300.821
442.217
287.237
530.212
426.747
166.208
293.956
346.706
378.344
171
417.502
354.031
365.153
218.504
161.227
439.128
121.202
179.446
420.043
152.869
108.812
234.361
457.919
472.036
501.104
550.93
371.539
270.185
472.573
462.404
548.34
412.147
98.0051
452.657
451.349
164.551
284.016
244.283
513.253
150.336
527.046
465.151
420.355
418.571
438.543
231.009
406.149
376.643
274.06
408.541
340.278
559.732
362.994
357.614
168.609
26.5707
210.77
377.584
537.777
248.516
380.669
344.42
462.467
396.146
490.805
182
454.437
208.691
262.688
435.662
83.5464
282.064
423.117
426.019
282.064
609.533
451.774
254.443
503.16
165.922
504.605
458.594
299.813
241.611
438.737
16.9706
329.371
317.53
249.69
364.161
423.597
505.887
489.495
372.7
346.182
369.46
390.633
65.9469
232.777
403.351
505.57
299.162
263.321
324.008
419.22
137.768
365.308
364.803
69.9714
52.3927
435.332
210.583
339.025
362.609
406.687
221.461
397.706
297.069
509.125
114.355
208.492
54.0833
288.839
274.372
217.007
95.7706
460.671
237.053
561.528
182.483
318.906
492.428
445.3
163.086
353.624
350.691
272.017
331.441
535.561
494.081
402.99
87.023
332.343
406.123
294.803
579.967
407.774
368.392
442.712
417.421
151.99
475.619
249.834
101.637
129.244
474.714
469.345
411.4
283.27
327.397
428.028
287.696
484.333
455.089
412.005
66.2873
204.863
437.444
240.36
113.991
381.997
382.577
411.36
345.931
337.202
316.653
364.552
419.888
117.796
395.79
276.684
496.025
275.656
206.313
131.21
136.015
175.206
465.399
128.86
263.078
383.642
109
402.677
285.281
260.572
396.919
319.902
429.042
209.022
317.036
293.125
114.769
618.115
513.475
513.264
24.5967
334.121
152.069
438.462
73.5459
286.447
196.01
442.06
168.122
240.832
401.33
466.023
178.44
128.752
213.551
244.608
356.149
399.005
356.926
284.823
535.022
436
392.046
207.87
534.552
206.903
436.898
216.481
534.724
570.629
509.843
322.865
387.373
159.255
377.053
446.472
385.592
448.688
292.754
363.123
263.865
615.9
383.275
374.414
77.5242
555.115
554.42
387.613
274.565
580.545
323.025
379.178
434.495
489.776
117.154
145.413
277.973
178.281
406.163
377.521
463.453
420.309
306.059
380.533
147.959
405.444
294.635
359.518
182.888
114.215
273.381
203.541
524.138
42.5206
625.089
319.77
451.143
34.3657
365.891
511.892
306.198
384.333
609.058
490.026
432.801
185.648
39.1152
324.617
204.318
438.001
376.789
534.619
440.545
222.032
179.744
440.505
366.509
166
22.8254
51.1077
180.347
168.834
356.406
442.797
277.651
454.802
335.172
517.726
239.719
462.327
149.375
276.875
480.169
270.712
432.113
545.22
531.143
213.084
358.236
437.029
475.946
142.056
222.009
86.3308
35.5106
352.477
513.486
459.793
210.107
163.049
104.738
313.428
520.384
321.498
299.448
480.101
416.829
199.449
317.586
252.438
287.628
406.728
529.639
447.303
259.409
331.122
601.44
462.715
555.879
212.038
477.598
471.222
240.019
596.095
514.138
223.188
237.023
146.103
386.518
356.434
290.842
151.03
136.821
156.109
432.539
140.801
278.657
376.241
447.522
435.455
558.86
442.064
95.0789
363.001
322.298
163.377
50.9313
408.256
120.739
167.523
149.833
455.693
562.502
315.311
404.595
384.783
215.139
394.808
236.546
435.718
375.481
577.146
277.973
528.275
333.264
382.425
195.369
46.4866
382.426
641.458
185.068
354.346
301.015
242.464
185.648
546.591
93.3916
381.119
209.354
532.831
193.396
261.4
427.679
305.203
475.304
371.135
294.459
411.947
588.86
391.532
79.3095
312.899
24.1868
445.064
436.715
564.486
316.006
246.221
131.244
253.049
98.1835
319.081
308.585
284.253
446.706
181.945
502.097
580.7
28
472.462
485.062
407.946
186.682
273.016
260.123
598.588
347.236
140.132
343.035
161.251
411.534
439.551
525.792
291.139
325.776
246.911
450.682
404.857
284.607
463.01
169.098
420.105
474.457
298.007
240.202
299.174
488.427
370.315
223.188
130.969
148.189
384.159
112.641
592.557
521.752
319.014
252.05
377.107
197.294
448.447
387.981
98.326
416.125
352.932
478.707
135.093
343.023
555.209
474.292
385.41
332.254
311.756
131.381
453.944
296.921
411.175
434.337
278.002
421.587
291.158
570.407
323.303
322.155
447.147
327.867
273.002
617.557
493.26
66.7083
420.355
275.073
375.3
257.389
441.662
411.18
147.078
337.618
584.688
419.315
175.231
475.186
199.812
381.687
150.426
420.804
224.984
277.276
214.672
263.941
527.655
211.249
291.673
175.251
378.16
104.101
164.906
447.353
577.709
391.001
379.047
425.837
546.547
444.2
592.854
187.984
537.643
339.768
538.015
225.96
536.144
221.678
405.505
346.733
585.609
163.783
354.683
378.319
495.682
191.93
533.346
511.977
318.416
266.327
365.042
354.803
175.237
170.845
572.898
171.759
399.626
467.8
228.429
325.208
417.034
159.05
168.502
310.459
463.535
256.603
427.234
129.85
226.927
374.226
69.7782
210.761
117.546
56.5685
439.164
387.191
287.279
255.031
481.508
482.037
455.159
409.796
75.6902
273.788
409.763
324.6
246.008
193.197
437.727
401.278
201.308
381.703
484.294
145.798
326.353
263.865
226.55
430.305
463.22
274.142
244.381
105.688
270.313
53.3385
461.62
364.269
302.676
409.821
361.248
150.213
496.485
381.085
378.737
536.493
173.104
424.209
102.859
13.6015
286.086
213.19
500.434
467.2
505.847
177.89
348.897
460.185
329.838
130.587
386.943
334.516
217.959
11.0454
389.289
324.039
101.548
332.182
450.694
224.878
93.3435
351.4
375.065
132.136
30.0167
324.728
199.279
240.477
68.593
202.786
358.035
374.168
221.206
228.779
382.562
431.051
285.911
465.55
608.829
462.871
285.335
272.342
345.607
494.631
197.449
601.774
123.879
475.714
412.029
421.922
78.8543
409.816
175.003
43.0813
218.826
465.653
209.308
241.671
406.041
500.783
425.339
414.799
159.223
436.973
239.341
224.891
488.669
298.117
205.65
271.074
81.1234
178.807
304.867
518.611
217.249
455.975
346.706
204.394
33.6155
290.622
480.094
332.844
338.693
360.723
212.953
251.336
405.8
510.656
399.912
278.029
340.654
453.393
400.661
178.44
393.554
346.677
79.1581
533.769
231.465
41.1461
191.651
252.745
399.246
322.981
577.042
299.187
377.482
433.848
60.3738
92.3472
242.012
482.511
166.904
326.735
411.05
220.638
22.3607
420.298
345.707
98.8585
197.841
381.477
39.598
21.2132
314.078
452.929
491.753
57.3062
563.469
308.812
367.561
457.301
105.394
185.648
459.289
424.65
251.072
300.102
195.256
539.07
413.417
433.665
448.361
378.338
17.088
222.05
300.167
361.668
173.98
393.89
293.218
343.46
50.6952
247.202
366.771
217.348
121.807
305.085
458.52
392.46
274.711
201.249
452.081
559.072
140.228
510.58
393.802
37.7359
61
445.136
345.978
373.837
237.474
437.001
526.924
419.99
405.765
539.894
408.336
331.21
533.165
408.447
368.543
304.91
422.641
388.981
347.899
142.762
432.903
99.0808
427.684
272.998
342.001
445.048
417.215
455
395.809
557.819
265.994
465.946
471.832
380.564
308.359
140.901
156.003
229.706
432.962
427.327
333.744
405.641
212.434
313.209
325.862
450.444
417.173
446.794
364.005
341.786
83.1986
152.118
438.339
426.469
285.524
504.248
344.093
192.442
366.674
542.796
174.642
525.435
531.415
21.3776
449.641
439.874
127.424
219.531
449.801
57.8014
469.035
252.715
83.4865
389.18
280.018
436.406
425.988
424.323
545.601
244.248
82.0731
398.102
379.084
526.137
441.956
364.157
260.204
200
230.957
434.014
445.028
162.521
177.341
113.534
553.166
105.119
220.554
528.213
432.946
335.626
435.619
247.631
415.839
387.537
75.452
511.649
370.138
426.241
593.043
173.003
329.621
507.213
377.614
282.592
217.223
141.283
323.501
305.634
192.627
374.931
172.026
240.027
240.52
126.491
383.209
362.108
303.488
395.434
386.683
423.058
196.023
337.171
292.406
342.037
386.881
236.002
400.281
261.553
401.299
465.03
363.056
161.298
286.007
575.842
350.474
363.16
342.584
135.945
519.839
223.305
169.169
190.882
207.966
395.101
402.548
298.53
425.541
173.833
415.839
243.417
375.133
245.082
365.483
438.799
123.037
352.741
146.185
252.198
148.661
451.686
151.638
356.385
301.808
211.766
234.184
286.217
444.946
315.268
363.882
274.711
121.38
24
347.667
482.109
396.062
399.462
235.748
48.0208
257.498
156.387
513.517
410.59
205.061
463.017
242.866
39.6989
385.701
475.215
391.717
371.831
219.659
395.062
477.598
47.2969
262.88
252.367
114.756
122.674
398.447
332.862
165.895
209.876
466.319
215.574
235.136
477.624
428.627
457.525
381.289
398.898
431.669
348.244
178.011
469.383
172.456
231.138
217.154
517.62
275.429
388.31
438.839
487.969
365.568
290.062
458.996
451.602
420.9
200.479
548.835
283.302
422.167
332.501
324.076
437.224
88.3629
318.831
383.021
472.411
74.9466
294.925
28.4253
236.58
49.98
535.269
589.227
269.904
591.202
475.893
405.765
452.916
525.711
363.088
524.848
463.535
445.597
355.801
385.13
622.961
292.756
295.147
58.5235
364.351
237.539
351.682
338.869
319.583
629.423
384.302
366.546
497.434
288.295
113.455
47.634
644.981
137.088
434.802
131.469
494.176
500.65
492.172
334.688
238.103
304.77
284.06
338.904
160.381
544.5
389.166
411
412.7
372.227
507.304
280.631
559.561
338.923
306.62
254.922
99.0454
171.126
283
403.001
255.924
341.053
206.545
157.204
368.599
480.213
554.282
470.8
518.166
108.674
539.282
451.602
268.076
469.297
617.395
509.245
132.401
401.123
213.591
229.652
609.164
519.728
583.86
375.033
487.029
545.697
141.439
302.498
297.042
553.205
318.818
575.543
458.384
422.384
285.776
308.649
420.434
415.462
453.618
433.711
54.2033
457.988
484.658
454.834
584.303
206.828
330.208
551.632
608.533
405.878
414.421
295.203
406.51
396.062
174.874
278.108
377.816
269.898
333.264
375.033
302.101
405.544
175.454
365.197
169.106
357.912
336.883
439.164
238.399
253.6
315.006
473.814
262.053
282.936
226.279
522.556
130.648
226.356
380.757
277.714
150.748
369.087
240.441
45.0111
450.941
319.756
424.011
168.241
412.418
272.355
254.566
402.548
339.991
262.376
405.731
48.6621
179.109
392.094
332.557
466.412
421.74
91.7061
305.531
424.124
433.111
433.526
493.855
218.05
366.695
111.946
585.978
356.8
303.6
197.8
364.177
502.081
436.571
190.686
451.852
334.97
290.766
160.705
613.374
408.886
395.84
436.213
231.277
248.244
436.898
180.945
159.088
438.475
252.602
341.92
26.8701
358.013
422.838
563.653
504.31
242.668
247.776
452.25
421.089
237.861
523.034
162.865
379.255
350.228
430.425
394.555
365.312
454.67
282.454
364.984
166.544
418.868
187.459
528.049
18.2483
504.088
222.441
168
551.609
62.6498
150.207
332.254
289.067
351.118
255.619
485.356
368.224
258.043
249.9
425.47
111.45
410.41
494.446
446.078
127.063
47.0106
246.789
330.315
451.855
299.681
285.17
359.38
163.515
489.189
277.318
537.557
303.849
533.094
376.82
431.116
304.002
428.823
389.154
221.923
172.409
427.001
289.664
303.137
311.002
301.007
369.757
507.745
212.72
356.069
528.229
332.024
303.389
268.034
351.592
416.875
118.14
490.846
585.243
173.954
158.978
455.488
437.403
30.8058
491.392
231.193
120.416
508.296
211.854
335.44
295.114
32.28
151.427
319.363
56.648
312.853
104.178
554.518
359.138
380.938
512.142
514.198
282.554
463.393
373.591
381.608
91.0824
230.235
279.403
447.636
272.809
48.1664
329.815
508.08
391.004
406.964
106.55
473.206
451.957
431.909
286.803
412.244
351.336
588.6
456.295
441.968
308.104
510.257
25.632
113.759
430.298
253.476
233.26
469.334
402.403
217.221
303.356
457.739
293.743
353.655
191.802
260.21
135.44
406.415
432.047
39.2938
271.33
449.929
259.856
411.99
10.2956
429.707
248.002
257.73
388.96
469.814
490.355
309.233
202.062
196.42
498.398
560.378
357.617
131.32
187.949
416.012
498.944
282.45
394.453
371.652
340.332
403.923
80.7775
510.533
238.717
407.339
528.255
445.539
341.716
293.615
365.318
253.34
283.524
325.085
197.914
426.026
92.8924
101.863
560.037
97.9847
376.671
326.497
167.027
184.762
281.443
356.91
310.522
230.054
426.279
292.494
307.319
385.632
371.264
178.101
84.3801
71.2531
401.498
287.701
404.339
530.36
442.651
560.422
161.075
488.043
541.325
241.771
115.763
304.81
419.148
421.816
491.196
230.868
320.145
303.434
108.116
452.217
125.172
97.4166
243.945
461.703
315.087
294.382
445.409
100.305
176.309
406.607
270
255.562
431.876
74.108
508.702
383.635
412.331
445.19
365.001
410.406
62.6498
291.913
231.05
339.848
399.224
417.885
418.097
547.603
384.01
212.269
561.606
443.402
354.189
242.002
300.486
367.23
308.735
572.148
303.434
454.054
333.084
58.1808
356.972
168.345
441.346
399.531
480.234
270.712
422.522
242.033
428.012
409.005
169.779
336.69
511.661
472.347
577.585
490.494
373.413
447.502
503.803
383.96
413.145
400.622
151.954
543.898
276.449
585.317
317.984
6.40312
375.225
182.661
313.694
356.546
600.228
404.851
589.742
127.906
289.871
396.44
328.956
149.933
74.3303
551.852
497.784
310.227
405.848
160.29
420.638
459.831
480.983
45.3982
206.826
531.738
85.8021
471.629
238.21
487.119
338.638
174.542
319.758
595.928
404.109
36.8782
358.615
361.311
542.531
500.434
115.434
244.182
94.8683
354.813
125.1
283.769
329.971
403.291
481.215
216.123
330.711
175.237
413.853
128.413
114.529
294.73
416.736
91.6788
346.1
125.1
298.357
308.934
88.3233
468.06
72.5672
29.0172
374.086
462.088
442.669
345.579
471.475
110.073
253.712
284.271
484.784
275.136
460.783
167.869
374.809
460.419
521.147
355.878
490.829
66.9104
345.801
531.88
342.462
78.5493
417.969
329.607
587.218
344.542
458.681
460.652
481.572
483.663
397.237
537.998
295.108
260.783
319.453
235.262
325.572
484.004
311.642
268.377
102.961
57.8014
186.818
279.235
285.377
83.7257
519.832
161.722
369.5
291.11
336.883
247.952
260.601
326.124
394.645
296.816
220.03
384.749
426.758
333.802
351.648
450.389
340.566
516.706
443.825
89.3756
403.887
520.159
247.257
424.199
454.802
614.467
297.311
171.572
378.259
428.964
25.0599
582.818
437.704
40.1622
418.822
119.231
551.755
427.769
477.598
512.783
504.723
489.869
398.56
427.114
567.671
128.472
267.72
371.286
216.021
85.3756
451.625
362.933
394.363
458.486
467.702
120.934
536.485
267.615
211.946
324.395
433.361
405.527
170.294
504.516
415.235
190.318
441.715
523.167
60.4152
333.996
345.352
432.01
133.6
409.02
442.661
348.937
374.162
461.239
430.206
242.64
297.002
463.856
426.564
414.96
324.04
376.276
320.525
176.638
211.002
102.005
287.367
52.3546
66.3099
43.6578
132.88
314.193
449.027
60.208
518.483
444.101
109.11
309.343
442.821
337.308
300.483
215.244
492.042
492.878
295.368
569.78
422.481
217.279
602.252
420.024
430.298
314.516
467.68
123.329
394.791
449.467
105.019
287.503
257.381
442.408
95.2943
290.909
328.635
450.161
626.554
355.441
279.517
255.039
262.688
217.249
389.005
397.02
133.222
476.211
227.853
323.279
488.517
252.533
444.855
314.941
116.276
333.096
313.051
395.497
39.3954
161.4
370.099
361.67
4.12311
276.422
282.243
403.629
428.515
371.602
177.071
240.033
204.284
630.635
296.326
218.525
467.052
131.472
243.446
274.401
90
119.331
429.197
497.853
169.753
480.001
491.467
357.414
521.422
479.088
463.155
258.768
373.343
439.957
400.25
318.961
113.296
156.029
135.624
451.536
178.101
275.862
259.048
472.81
473.059
226.808
444.545
433.226
296.38
241.338
444.545
117.652
158.142
393.154
547.252
459
416.347
155.647
376.363
118.457
183.967
119.013
426.117
288.267
303.727
66.7608
337.251
124.74
381.376
354.035
451.214
327.941
501.862
492.199
482.631
397.316
431.589
333.618
271.312
388.973
274.372
301.179
258.936
297.513
498.046
355.114
477.696
391.828
85.5628
228.232
456.508
272.905
56.0357
534.158
426
338.895
296.38
423.491
330.183
433.042
202.428
94.3663
190.213
380.623
509.496
439.877
462.433
497.353
214.674
406.677
314.04
389.173
370.799
464.108
123.628
454.714
579.566
85.4927
370.741
216.123
72.3395
272.415
123.179
250.252
152.086
432.167
258.451
606.139
374.518
274.549
354.045
543.281
398.121
51.6236
368.635
173.367
462.482
412.08
539.646
234.932
145.715
562.901
123.13
421.279
554.217
150.233
165.677
351.245
394.325
383.047
215.968
59.1692
611.903
390.902
373.172
587.133
400.126
125.252
376.586
341.686
438.617
467.902
492.736
415.944
333.014
204.922
340.037
373.08
513.553
316.792
503.191
271.665
358.776
279.646
345.863
149.803
450.46
123.175
224.154
133.645
270.15
230.766
467.591
410.162
382.702
210.06
578.727
187.984
520.312
501.597
411.078
341.006
256.462
405.183
342.177
152.082
173.217
360.555
343.001
479.676
420.002
440.927
380.865
319.758
164.754
535.709
35.8469
256.416
228.974
377.033
384.366
371.884
149.272
441.897
357.022
196.207
475.101
149.188
420.72
328.69
197.254
308.457
412.536
182.85
354.611
521.231
478.845
67.3647
226.02
339.136
502.439
265.211
81.4923
502.892
325.615
149.402
349.178
83.0542
465.692
396.693
405.369
120.104
315.748
196.367
392.149
367.524
401.837
360.257
16.0312
456.53
44.4185
393.777
439.114
430.744
286.803
507.796
364.541
469.665
227.495
95.8019
493.414
237.192
379.891
203.01
226.947
603.623
431.297
89.9444
70.5762
460.977
238.533
258.631
128.222
100.319
374.237
139.946
535.989
457.108
249.884
552.001
378.593
327.075
469.946
164.757
321.123
351.164
343.036
353.751
500.65
434.442
227.407
320.226
284.192
272.121
420.305
239.27
415.03
157.051
514.207
281.007
272.595
364.321
218.358
587.718
347.052
475.888
436.602
149.893
205.497
278.412
39.4081
461.989
439.701
462.875
603.95
421.584
577.319
548.172
387.156
496.251
283.693
378.588
245.394
15.0333
125.877
196.881
122.376
201.559
351.518
372.324
362.795
403.923
221.732
539.001
432.723
322.602
81.2158
402.275
200.282
254.126
514.234
359.536
321.908
180.427
259.008
300.481
465.108
452.2
184.253
473.228
477.746
342.161
464.526
321.636
575.211
252.557
360.081
218.002
311.97
294.783
309.555
443.97
320.141
237.474
279.646
387
401.662
567.825
336.929
247.891
526.165
17.72
370.466
296.339
75.6637
113.296
20.6155
299.933
530.084
175.149
490.112
175.801
143.087
442.721
348.208
436.571
620.878
279.308
231.054
105.683
329.67
207.183
410.649
615.894
465.859
83.0963
433.647
433.841
351.628
610.532
448.874
589.957
271.046
275.775
105.773
414.043
316.312
354.634
450.019
481.981
323.687
492.931
475.554
521.4
159.615
350.571
272.655
314.097
384.293
441.826
441.779
473.111
483.6
370.54
236.78
309.898
408.521
505.49
112.929
40.2244
395.683
120.507
173.367
433.811
387.594
350.926
347.081
192.666
415.323
266.188
391.87
500.497
450.782
335.882
365.494
269.674
192.512
257.163
224.571
49.8197
224.009
197.385
163.086
398.931
313.081
297.809
396.49
342.707
155.563
349.401
356.013
204.353
284.016
357.617
419.068
201.95
24.8395
368.132
207.791
247.132
575
430.751
515.819
235.688
452.806
231.614
239.827
334.013
147.275
317.328
436.986
271.956
436.981
248.566
223.379
436.634
337.913
332.054
421.001
397.045
412.132
416.147
8.06226
49.0408
423.632
263.591
423.367
283.623
290.176
139.646
245.489
176.309
214.394
251.718
388.805
261.293
396.556
270.963
442.76
277.996
357.834
513.3
421.523
10.4403
215.077
353.579
209.995
283.016
446.23
297.572
331.441
455.432
235.936
520.899
409.176
442.326
462.157
192.338
403.448
557.417
263.137
105.759
394.994
80.0562
420.287
405.355
362.802
441.367
183.412
218.836
36.8917
256.603
2
565.036
492.793
167.451
370.277
157.08
455.132
477.976
99.0454
378.058
125.196
450.521
584.199
123.065
428.915
195.655
478.926
476.135
135.912
383.308
130.874
249.393
291.294
316.141
124.149
118.229
349.482
106.677
98.813
164.247
220.066
134.837
490.698
346.227
288.363
191.909
291.446
460.298
383.021
498.128
147.221
310.942
399.516
502.309
296.076
449.018
425.406
491.172
221.359
376.671
419.305
346.602
445.018
257.498
265.836
376.554
209.344
461.192
290.642
166.111
432.042
128.55
582.671
517.042
448.555
327.782
203.855
198.204
165.738
358.688
324.154
447.294
231.536
328.258
416.473
341.006
160.59
169.446
432.863
464.957
262.992
361.425
203.217
137.306
180.472
437.01
497.803
428.042
438.781
386.104
488.984
427.095
341.211
266.595
30.0666
361.437
110.644
181.959
459.743
172.905
35.4401
485.143
466.412
86.209
250
331.991
446.23
314.229
257.614
282.214
219.738
424.129
349.201
406.605
493.415
84.4808
401.678
157.207
174.04
355.601
263.008
25.2389
286.204
340.359
311.207
264.6
380.108
335.024
376.745
480.094
232.28
458.495
106.33
287.446
200.192
302.853
468.68
552.222
217.911
139.388
269.537
531.686
270.74
236.237
122.004
448.264
460.066
456.344
277.95
122.642
110.39
344.948
480.467
279.303
437.276
278.455
398.935
449.512
78.4092
396.981
211.152
287.211
264.613
399.981
478.996
124.459
618.425
390.544
219.659
491.248
545.932
169.706
536.138
315.406
329.601
515.097
360.057
296.921
265.149
414.001
355.49
368.196
420.058
501.4
304.002
422.295
35.9026
331.361
154.434
48.3011
399.742
580.076
593.97
243.298
67.4685
513.206
440.822
387.221
532.587
448.232
452.429
357.393
497.775
196.563
90.3549
150
324.225
272.861
295.466
259.825
157.41
377.139
521.242
309.071
216.91
452.881
264.153
469.596
97.7394
322.025
460.792
224.377
153.212
91.0055
151.796
574.028
391.036
227.37
247.291
220.635
118.343
420.919
178.104
426.523
361.386
76.6942
138.521
432.65
173.954
285.477
350.228
514.102
80.0562
297.082
368.917
509.495
182.784
492.26
404.802
240.052
410.44
508.493
394.462
401.18
234.94
172.699
258.643
405.179
383.595
447.438
528.663
268.002
381.935
388.068
246.333
284.81
476.693
104.202
268.405
203.944
467.608
380.021
25.4951
381.872
389.856
279.1
356.721
325.42
249.552
438.928
300.761
188.987
268.019
513.165
275.828
243.895
148.223
232.659
453.841
326.741
351.4
488.256
185.327
10.8167
347.807
361.332
498.571
170.074
414.45
319.127
408.049
386.7
474.773
479.438
210.95
234.887
376.124
392.818
187.003
389.34
269.898
158.474
492.74
